floating_base_joint_x,floating_base_joint_y,floating_base_joint_z,floating_base_joint_qw,floating_base_joint_qx,floating_base_joint_qy,floating_base_joint_qz,left_hip_pitch_joint_q,left_hip_roll_joint_q,left_hip_yaw_joint_q,left_knee_joint_q,left_ankle_pitch_joint_q,left_ankle_roll_joint_q,right_hip_pitch_joint_q,right_hip_roll_joint_q,right_hip_yaw_joint_q,right_knee_joint_q,right_ankle_pitch_joint_q,right_ankle_roll_joint_q,floating_base_joint_vx,floating_base_joint_vy,floating_base_joint_vz,floating_base_joint_wx,floating_base_joint_wy,floating_base_joint_wz,left_hip_pitch_joint_dq,left_hip_roll_joint_dq,left_hip_yaw_joint_dq,left_knee_joint_dq,left_ankle_pitch_joint_dq,left_ankle_roll_joint_dq,right_hip_pitch_joint_dq,right_hip_roll_joint_dq,right_hip_yaw_joint_dq,right_knee_joint_dq,right_ankle_pitch_joint_dq,right_ankle_roll_joint_dq,floating_base_joint_acc_x,floating_base_joint_acc_y,floating_base_joint_acc_z,floating_base_joint_alpha_x,floating_base_joint_alpha_y,floating_base_joint_alpha_z,left_hip_pitch_joint_ddq,left_hip_roll_joint_ddq,left_hip_yaw_joint_ddq,left_knee_joint_ddq,left_ankle_pitch_joint_ddq,left_ankle_roll_joint_ddq,right_hip_pitch_joint_ddq,right_hip_roll_joint_ddq,right_hip_yaw_joint_ddq,right_knee_joint_ddq,right_ankle_pitch_joint_ddq,right_ankle_roll_joint_ddq,fallover
-0.0027421307328519655,8.737507702648877e-10,0.7906008645183167,0.9999831152630317,1.597928729102787e-08,0.0058111262972002755,-4.862312507598205e-09,-0.05757097643335702,-0.0006896505052695505,-0.0029780136412001384,0.12569670047223272,-0.07618242263391398,2.7516392895085615e-05,-0.057570981578436965,0.0006892804977533147,0.0029781814403752106,0.12569668590940763,-0.07618243825327659,-2.7555718382952283e-05,-0.16201217655187258,-1.3815040528913289e-07,-0.20886621142642928,-6.422664153380801e-07,0.6749498579004031,-1.6199792552671605e-06,-3.3278256815342258,-0.000836878563749633,0.014219305791013027,6.7477049258397415,-4.853138256753754,0.007068559153738307,-3.327826241084361,0.000842126993623165,-0.014222935012854362,6.747702736553316,-4.853140604694491,-0.007083299973987094,1.2119119216013121,-9.626814352933029e-06,-8.495753051281897,-0.000638222426356262,-7.456164679069914,-0.0001893507676475863,41.22852759103926,4.45100488663683,17.560690904562144,-197.71694488381587,-60.2461452427941,1.4446619671613052,41.228509608719094,-4.449010304663,-17.568464364197563,-197.71723314588044,-60.24609536149466,-1.447843887750788,0.0
-0.006991459279470118,-0.00027759903102071064,0.7880826221198374,0.999834396160315,0.000706365822640578,0.014245225930755811,-0.011302868673267316,-0.09335054271461582,0.004642500624748173,0.01751326813274456,0.16766384036261778,-0.10655606032367569,0.0035159801035649844,-0.19547287624397616,-0.011084938093607947,-0.032198372537751666,0.43557400350224024,-0.18414236236246673,-0.00968579532172442,-0.18781506871251066,-0.033394184114901665,-0.04785751583934597,0.1435778978665807,0.6918356976508508,-1.5116729072314292,-0.7405314342553102,0.35960332280288293,1.48695695204583,0.0010153806461308257,0.05830203091166922,0.06396869325617191,-7.120532477438402,-0.8851835938154862,-2.161423557098533,16.191150654870672,-2.951020801757365,-0.4595571093568014,6.217095972402633,-3.901502433572361,7.93319849473585,-6.21711565101471,-32.554190848845096,-12.575344442937979,108.88669801618465,17.979302242727655,9.887144939042042,-148.3836750036208,88.92859464392404,-12.970412790489588,123.43510154625693,10.357612361931881,33.174133362689986,-292.52880485175046,192.22034445217025,7.088181546377324,0.0
-0.010152271962897738,-0.0016688306753211612,0.7885473240429908,0.999412014018648,0.001824646349929257,0.019720462492161864,-0.027989288307903214,-0.08941019097074053,0.01403538737486263,0.05050126648419653,0.13538211615027432,-0.08509828865009642,0.005861430559686982,-0.32458004546245467,-0.008452895761746631,-0.009722163817858807,0.7277911683469467,-0.27916066351204794,-0.004657617729198475,-0.1256382499615174,-0.11140651948140634,0.0761594577589316,-0.03166741874465106,0.3821973620044972,-1.5431921451118007,0.7485494384370733,0.659375392317211,1.4373602049594711,-2.3649494912119726,1.5215460357261008,0.09073150820839283,-5.216916604188614,0.5077878467020042,1.6457385926402452,11.435977082982328,-4.434717291216995,0.32320211066877064,3.3305222734581794,-5.416328727489722,5.409805024745377,-28.142138553997526,-18.492501943100407,28.230134810783554,38.92047981891252,28.6565421251395,-45.56970661375636,-39.142038319908586,26.310553046641516,-6.667967357357765,158.9071853261728,16.176741376517768,-37.45712528290545,-411.9034679591937,73.91387052048775,-6.82473722658208,0.0
-0.012921746502401186,-0.004390705101147591,0.7901758139179835,0.9989130085682382,-0.0001562610062136404,0.024291881603473616,-0.039782928296096635,-0.08970337452058467,0.03008618268415362,0.07003081629304596,0.11355447066461848,-0.06514923486310246,0.0020817383482173834,-0.4073943030562211,-0.005565146760161872,0.01794514956310291,0.8815458820762115,-0.3634671377003444,0.0028685628817508597,-0.1436207894977084,-0.15594141830459693,0.09122586750845148,-0.32226327298273644,0.46769895491070346,-0.8898461745097231,-0.4558302653736356,0.9145309596029345,0.544477640887333,-0.34296618854424593,0.743288689873632,-0.3155352863641129,-3.2555812938443633,-0.27787271338322983,1.0173713255527812,4.794539328345877,-3.727174203542678,0.3213979917730429,-0.22478827175827898,-2.1658438614864988,1.258859100839339,-14.856546422004064,-0.6407244154031659,31.169092737314035,-34.053034026565825,12.31080336509795,-47.28786617919946,59.401700722409466,-17.547686431060594,-8.214099794789199,93.32809080364392,-52.07643580903927,-42.07714725190566,-290.0779528926644,60.60806709356057,-7.74001873446287,0.0
-0.01589038000208983,-0.007868710036271582,0.7921386037074739,0.9984902984852073,-0.003979403667691892,0.028749423045347455,-0.04663430981511365,-0.10593282247022719,0.05023633823633053,0.07851820144764565,0.12160209455007666,-0.05442892325788941,-0.013153376504949328,-0.45674617876861634,-0.019161899152895685,0.029344001945701654,0.9254907227754563,-0.4150883462535926,0.020824938027983558,-0.14811222385476155,-0.18800533429272204,0.10085773140950784,-0.4168744777980913,0.37103759126342856,-0.5811856833626736,-0.9194758120337468,1.0538320257982232,0.3266258918675847,0.7284688903286854,0.447342405874727,-0.8638520618533811,-1.913888197890367,-0.9479326933472387,0.33560736470462166,0.6041431827268542,-2.076230316684874,0.8704919943715324,0.32479294574300793,-1.5578359208710646,0.0019624193194855977,-2.5565971308579556,-8.845708651588575,9.234633048995198,0.9803844963564456,3.377246926705949,-9.436804734288462,16.760190526470073,-5.3345646664841775,1.5809582193977296,53.578846080593216,-23.757300010624515,-14.703593435284773,-133.53647864732102,38.98563317833454,-16.132815873200812,0.0
-0.018665143590222644,-0.012169438728878549,0.794025507969459,0.9980702515451364,-0.008822662781496373,0.031190009951621196,-0.05296335413558222,-0.11992985986561476,0.07440715977837797,0.08943137158501019,0.13610751480112515,-0.04852594606315637,-0.034102110974516625,-0.484061431250501,-0.03462667214286061,0.03182808526522483,0.9100643495318713,-0.4376138253903068,0.049291781656017615,-0.13146295001620487,-0.23627828264731762,0.08442144578617948,-0.503242615885047,0.10008737852215363,-0.7120046479056481,-0.4803919786337433,1.2925661941431406,0.6240819103290339,0.6568859861917621,0.18084690124895855,-1.0372420299007958,-1.0399572466259754,-0.6046883774022006,0.027875199320376073,-1.362814829709478,-0.8322008149262174,1.3180793620653772,0.7456308007433744,-2.298484918146378,-1.416036496829339,-1.3073748458673875,-13.987746745811924,-7.459923900486213,26.27217427533759,6.386773486716681,2.4060961424107474,-11.05328561401151,-12.28150401286571,8.171245835372964,27.049686009464,19.773713026696765,-5.6608720064602185,-28.078138918237837,15.401260331223757,-25.859583089436445,0.0
-0.021449581729202263,-0.017530545262049023,0.7955681128138545,0.9975967722016763,-0.01424651039060451,0.031871022627119064,-0.05984943567979489,-0.13138949054913573,0.10206628923463704,0.1009123183145025,0.15551106311715746,-0.047383559605287714,-0.056366964380280424,-0.4990206889223751,-0.03614678166220766,0.03930639652456428,0.8698415806548007,-0.42740984966695134,0.07903956289522551,-0.14307909944277086,-0.29074684181857247,0.06763795008079639,-0.5073773045115393,-0.01151000370264886,-0.6990096982400776,-0.5404998108970724,1.3960519771991722,0.5055468949689096,1.0453442568093707,0.011341634282599369,-1.0604924842735692,-0.5988996176343861,0.2187711552030192,0.5024667466315259,-2.0510672750528043,0.6873569562896893,1.2951785322257479,-0.24957538137584565,-2.2858052903961514,-1.2752932057264852,4.065839533220165,-7.567107471782626,1.2897659898774756,10.838397591339092,-2.5630101068645623,-8.4736789567607,-3.5689419402595393,-1.5477491843369207,10.74848552159401,10.708024666990148,22.202339755424088,2.137787400560762,26.325896170750333,-11.773575639641187,-28.29182743266919,0.0
-0.024476058384929444,-0.023836566342130494,0.7967891449697396,0.997167900970126,-0.019073773075542793,0.03148856731832066,-0.06558077907235017,-0.14433906857689024,0.12901407409504304,0.1075114496887815,0.18139348974832803,-0.046947821267916204,-0.07451163324598323,-0.5056958452449691,-0.028379942190158786,0.04684868326427775,0.8213807851222525,-0.3878013252322287,0.09966461588492552,-0.15525208333255472,-0.3325711632616925,0.051676020578539046,-0.39247170376089036,-0.11043877818133198,-0.5165558605376666,-0.6153057292579676,1.264183244067377,0.2311108402045761,1.3055700673035464,0.07316999256065378,-0.7923395674817459,-0.21475075950827566,0.45576049953018055,0.2362484002311174,-2.2381095813980734,1.9578360905823533,0.8360666980671052,-0.2506360323969984,-1.724083204487142,-1.2387311012582887,9.759271433854545,-6.880524287363886,7.2275453572756705,11.519164648995812,-12.200808031486945,-8.128929327744377,-11.45220461816258,8.740844398745825,11.389797022009644,7.103132468317531,2.7245760025109163,-18.17997841406617,48.72410474098285,-37.73445490630019,-19.15818610384528,0.0
-0.027739815658256537,-0.030811891630369462,0.7975300734540124,0.99688500740052,-0.02236671753862529,0.030221082847497516,-0.06933035495465503,-0.15854451287022223,0.15169717173769018,0.10753782464147786,0.21095019749200256,-0.04568612091791526,-0.08560639671888287,-0.5052216629205464,-0.019322548266421387,0.047665065574949816,0.7682473379208862,-0.32789757656045876,0.10914484746542394,-0.16743847486189228,-0.35943466182046535,0.020862482594933836,-0.20736082710678316,-0.17597158072621388,-0.31280096351198083,-0.665768172797212,0.997095236180332,-0.08229188739126676,1.4244082892735648,0.0933601894673471,-0.46522614252675093,0.09108169226565424,0.4273634612733491,-0.07233583238601995,-2.446524011571443,2.7740019230097372,0.3440033719136731,-0.33334547584426244,-1.0110642558412744,-2.008215051080976,13.31976179409446,-4.7549509717791585,6.49852602817267,12.78601831172589,-17.295162497603254,-3.235611316898929,-18.217101337957573,5.545962686962521,4.186957589884807,-0.39957236494262505,-4.337389316535215,-9.774502943403682,54.79048049750925,-57.55182634449653,-8.664090613021553,0.0
-0.031160471462545535,-0.03827319679671553,0.7974855986468975,0.996772575040846,-0.023854243553008248,0.027999269510451334,-0.07135439452365105,-0.171210671280692,0.16851180696124468,0.09935306273679452,0.23941469057449444,-0.04527296394752829,-0.09052341519476614,-0.49923450833579525,-0.01120957226597232,0.043603389049730795,0.7127024734165782,-0.2561814439605941,0.11156848325573113,-0.1733288641297993,-0.38171338797912746,-0.02506578277357438,-0.030101132809853645,-0.27209167481804214,-0.16251029445201629,-0.5181755636261269,0.7049434539455366,-0.48360775495752245,1.2820652332543647,-0.01982122413662654,-0.22246861279465768,0.3223224150498601,0.3825008461249569,-0.23873275699928043,-2.488538794537487,3.232283718385544,0.04582984715310214,-0.23433006855135957,-0.7915755132465705,-2.7214718238524465,12.61848955845842,-5.135938377806091,3.3785063755980387,18.017008466119613,-15.72618129335348,2.575090440609336,-23.931539625599907,-3.4472035739990123,-4.347366650776472,-6.338685490701776,-3.0787409430263812,0.10717467057114038,62.629295095231775,-68.95056539795829,-2.747457785417615,0.0
-0.0345434869187278,-0.04622549631334545,0.7964130216974269,0.9967832018289603,-0.023993419038465493,0.02431065579726382,-0.07250211313581255,-0.1761291061853458,0.18051272794710668,0.08521264948823634,0.258824085355422,-0.048716132271521065,-0.09254440655482844,-0.488368232133185,-0.004437220822416828,0.031221486674330973,0.6583596567907818,-0.18562381518678575,0.11129663862820381,-0.16890165551216776,-0.40866584521125837,-0.08129814213103458,0.07942020749055269,-0.4268677375930292,-0.11967479522090717,-0.0349723877737277,0.5244385473448656,-0.6996829580996761,0.7274904452476981,-0.29857047030294626,-0.12293274330598004,0.5479518895572065,0.3625148246026689,-0.7257083096406624,-2.3715287973033408,3.066169845361939,-0.015752183556187765,-0.2120333265997991,-1.0837952974055942,-3.2701415029683636,8.767336349967733,-5.502552984018016,-1.1943928674636006,21.773398091248986,-8.047471234266965,11.282699955171335,-25.34951201150886,-13.814797442006824,-8.30624939433895,-10.02245722559407,6.133493901789241,1.6536911134283554,66.50187562940222,-68.94523323543676,0.7800487983321163,0.0
-0.03790102656488398,-0.054770366797912716,0.7941223989143611,0.9968637811294763,-0.02342970020140886,0.019304943792262635,-0.07308194144858425,-0.17272689311128853,0.19016456886457275,0.06837414544509836,0.26824749780627377,-0.0596376370253527,-0.09227164533340673,-0.4733101106740259,0.0034727509271114745,0.011725363474006987,0.6073015704927451,-0.12465862031310405,0.10891023965765756,-0.1711534753217207,-0.4401594519480711,-0.14571121140608476,0.13269259410376255,-0.5270277774328329,-0.05186719475225587,0.3036940342875731,0.45778165377778307,-0.7989020458153269,0.29919115771921156,-0.7074696217894134,-0.07962294663836844,0.7371625661434413,0.4821366131578147,-0.9491314732211393,-2.2023955937430726,2.5793185267109155,-0.11188073686989468,-0.6579605352268885,-1.2449936973825289,-3.6461153823066947,6.101122917594281,-2.0926543573922594,0.3123245130398989,11.812703599129756,-3.0540201503625872,12.076701511504037,-16.272177710052542,-15.692682698962802,-18.433593752697153,-12.661473916971664,12.06963726218807,16.3574022888399,64.85175149020452,-60.88052243576983,3.041834902643268,0.0
-0.04141862518736394,-0.06390058647432782,0.7904750151708385,0.9969962654059423,-0.022285516041780175,0.013658644932646503,-0.0729057196656075,-0.16505070627682614,0.19846408605814936,0.05008723921114983,0.2717145242052288,-0.0795876079485943,-0.08950028939069957,-0.45629218691511897,0.0149208602798209,-0.004662352226710614,0.5632641442829325,-0.07245873220479876,0.10516173022569311,-0.18334690566004608,-0.46733947338789683,-0.21496086384164292,0.19777899893806386,-0.5580027539378758,0.03933526478721327,0.41897590131505924,0.3965055130101507,-0.829816972276498,0.10050994717560438,-1.162309521184906,0.05581479374625756,0.7940513373930423,0.636073030492616,-0.635789432274051,-1.815238744885871,2.223358571721987,-0.17042467433968247,-1.0781308472010116,-0.9942506727815478,-3.688548654661487,6.406851542927211,1.1706728059907707,2.850420202872999,1.4124695637134312,-2.156315312586384,20.406216026017884,-5.316577415229638,-17.98620030988205,-8.393705564901303,-14.696138993545405,4.56253904606361,22.581635446622656,61.321725343765706,-51.091423323375544,3.779280058888112,0.0
-0.04525031430822429,-0.073504012467141,0.7855105615230074,0.9971741055549829,-0.02021414903778023,0.007866778410809095,-0.07192569211856827,-0.1558079900404719,0.20580895998274037,0.036185370846924636,0.2722286638225512,-0.10768011173633611,-0.08367816257978074,-0.4393639625354031,0.028227697026816774,-0.012425198345555468,0.5273679502455306,-0.02367821540803841,0.10410471924754983,-0.20182533784717,-0.4887769052384241,-0.27727334717859575,0.3067885791695802,-0.5509357788176428,0.1283056737171437,0.45703804779878626,0.34759510006731403,-0.49250033222124906,-0.009453969326558918,-1.5275963557071022,0.23842286773087148,0.7669661540359511,0.6374006104970305,-0.23101525755687496,-1.4567742167271116,2.124244380747698,-0.012474059161771328,-1.376301034333205,-0.8253012365192954,-3.2635168251064592,7.688233604021231,2.9101923146990063,4.6498418342605525,-3.4922974682567443,-3.033788788517245,24.91542152007504,-2.4430440932544504,-10.478420811676928,-12.068895437531234,-15.347465775217257,-7.27707668843728,12.831860798036734,51.87332227412866,-46.55864581108216,1.9385516606121675,0.0
-0.049515836511134885,-0.08350977965734852,0.7802084875081196,0.9974351242998512,-0.015970608931424796,0.0021492589302683144,-0.06973874926719031,-0.15191208715156346,0.21087261947325525,0.027737476209010507,0.27918740833163996,-0.12421379997398511,-0.10649104290918653,-0.42119262703747673,0.036993787905611406,-0.014325514617265432,0.49144378932070537,0.02639612861674151,0.1110014135675601,-0.22510961039688873,-0.5066826172891052,-0.24144249198609619,0.649004321761403,-0.5247388999377158,0.26467763484188594,-0.09641259179446934,0.08067378332634002,-0.3772558160110632,0.7543980555393672,-0.2304167014508382,-1.8019890777071919,0.8875573452986828,0.18893708802411782,-0.012330774525329033,-1.6404434955207976,2.1918276223804,0.3541589072828348,-1.1333449522249357,-0.5448708341637534,2.396449580036646,21.337997318795082,1.465718638126211,1.245707742487247,-19.657260554875865,-24.176697334533987,8.308691844570669,28.58547954333149,35.18484699117737,26.837191848434912,-10.022153065911413,-26.550138185088667,10.86113855511335,43.470043880626626,-50.85339227894997,-6.576125795693804,0.0
-0.05407808092362878,-0.09396271726104671,0.7758468752776492,0.9977185318655378,-0.008807213462724483,-0.003949344623362202,-0.06681741419828754,-0.1554742874470761,0.20975856131059128,0.02039457987338228,0.2986328115633519,-0.12699143118229658,-0.12927386399171437,-0.39770979306955956,0.037399077349358094,-0.01413646593772018,0.44940135514992163,0.06527957632355545,0.11898400137315765,-0.23800165057439948,-0.5336382341549283,-0.197446454610428,0.8153097071247785,-0.5608889898314372,0.20341027245166485,-0.1511803038083679,-0.1049550216712906,-0.2530916063022453,0.9311107885488493,-0.04341942959137013,-0.5470192161913375,1.1140133362226103,-0.07237036457707523,-0.002198968975611553,-1.39056790116494,-0.6031194598175971,-0.2955471634774305,-1.7379817060384422,-1.2774082913631384,2.8602951057399277,1.4624618786400752,3.1512094204787773,-16.119473026184956,9.047408262403815,2.6599511230368558,18.981741955240857,-20.781647611039595,13.831786351685707,68.0109786670726,-16.852434901064644,-0.8806014110709751,0.40622298833571535,98.4838125205955,-310.9697471389841,-70.94391845526063,0.0
-0.0594804118417057,-0.10511494177749908,0.7724173106489868,0.9978092548242151,-0.0023664158299820017,-0.009055619270791111,-0.06549112018349111,-0.16202928480303574,0.21126194699170303,0.014937911710064112,0.31857780400706326,-0.1280575859647113,-0.12591208396733786,-0.376289939760757,0.04136873128500543,-0.00842863999799665,0.4242640676880519,0.0281389042401588,0.10820545969450616,-0.29674909320659804,-0.5768207151616359,-0.15456915764766638,0.5651418381971581,-0.3889654398849627,0.03772990360538406,-0.3829180580529561,0.24333844160403695,-0.2407324318067274,0.879315940048114,0.025274908920454985,0.4923087667310253,0.9784488957424413,0.40567788836959134,0.42593451335805194,-1.2578873348286184,-2.106925953205627,-0.4738937110610948,-3.0245805486399395,-2.070712869718072,1.4733496443092853,-11.839479564656715,9.073928955788617,-10.83640343481922,-1.76227709745618,19.099120892531094,5.860618634807678,-22.061827541880405,13.182625756828498,19.733415523375612,-16.17477371337834,20.166292285397972,5.880432256011586,-1.6280529077235186,15.745926071672828,17.42558866488753,0.0
-0.06613919026375806,-0.1170176395886053,0.7692411218397346,0.9977877219213792,0.002077981323019548,-0.012472652666520239,-0.06526696646870724,-0.1740391460247769,0.21873000304454476,0.008840854220416026,0.33911443173625655,-0.12907865663204787,-0.10971942712080064,-0.3642846954887116,0.05628163606641484,0.01377610699615479,0.408058243550497,-0.0066635387313757,0.09379966767781363,-0.35857247639100404,-0.6092711905038645,-0.16183397352466597,0.3930838239470614,-0.2681510079297871,0.0032248907121433905,-0.661176289820771,0.47794373742926016,-0.3356549596012102,0.9578454425700879,0.0018687348183244815,0.8425722742017488,0.3498950366805484,0.8538507071604393,1.1515361207532582,-0.5522612409757134,-1.4462589238946453,-0.6105009787342575,-2.581707615670341,-1.5284015485156772,-0.29500211030160145,-7.332405516313515,3.4797985981886486,-1.39542946130099,0.2858120106444635,11.072921979924699,-2.117902947315414,-18.173330049372165,11.822888380703864,-7.296422965517038,-23.86210068380232,2.470253838986822,-26.223344618148005,22.02719782871508,32.94260036279562,20.14227160745698,0.0
-0.07402377990809385,-0.12913365710292243,0.7658159345846532,0.9976999591409322,0.005429871834744933,-0.015150895397079164,-0.06584647591715907,-0.1916151320930215,0.22908038417673,0.0023218186722289563,0.36494773041517137,-0.13386916535758991,-0.0810816000638241,-0.37297540372343796,0.07198988304925759,0.017884210433928384,0.4191699681425436,-0.017577688565558542,0.0493858724216895,-0.41071001594845125,-0.6033323202094883,-0.17506296051176579,0.31992749860552844,-0.28764449510013945,-0.11492537305808029,-0.8043159912996144,0.562830457250533,-0.29214914219629606,1.2152481268782314,-0.21709731763525025,1.4730825232660232,-0.7921674928952872,0.7625453271684014,-0.16283003573002358,1.1635692185650426,-0.1820090162051331,-2.3253043289453412,-0.9213674321998417,0.19747425714764233,-0.18113818344957938,-2.9603285968534188,-9.009834333191948,-4.4622144017859755,22.8805930546934,4.805765938910549,4.158354491807407,-26.67529451628555,12.843141589313278,-15.59935528233166,-16.081946148114373,-1.1964365203429463,-19.535727527449886,39.47790226454427,20.540001462161523,35.98863633486752,0.0
-0.08272116858384508,-0.14023625897481326,0.7623545743336928,0.9976121462258353,0.010545322600849472,-0.018175329209981016,-0.0657910273672424,-0.21758014108398854,0.22685707976813868,-0.015490988058335363,0.4094787798139018,-0.17628055194538,-0.05446977327401912,-0.3890175927874938,0.08052529207122833,0.012629964250107529,0.43954225798491015,-0.014740771633393955,-0.01690323704261499,-0.4456384386776739,-0.5180862869483791,-0.16282408376851126,0.6923857033929316,-0.299293207478973,0.008660175430146466,-1.2992804598097856,-0.4934038015271586,-0.9513648161537699,2.2106365085969744,-2.1512507814262607,1.209335560890722,-0.7562608729386247,0.1978632437530472,-0.19871562512535126,0.9413145228570463,0.2662454520446661,-3.3888927033514658,-0.6917969027678476,3.8488481627693307,1.736764859958276,17.06921141350768,-6.372741152244815,-3.0263754415601216,20.432109215490414,-31.060362852338862,15.81883354257762,-44.38195304373849,49.88724734758826,-21.51336497558408,10.051878572323291,-22.43567074239813,13.912191624887907,-9.501375088862746,8.0574541397373,23.514290601973048,0.0
-0.09287725729315133,-0.14895645788098782,0.7598104332078863,0.9974768206283516,0.0197044215912217,-0.01891137725420453,-0.06552929031556397,-0.27085722143091123,0.19831376436762213,-0.011750878591352652,0.5193299904756666,-0.23894202859407077,-0.050843362576639295,-0.4079953681399288,0.0771378907514783,0.012334817593507692,0.4479383325025844,-0.002455304285094508,-0.07237895551026258,-0.5378692296314483,-0.3742433169382977,-0.08087134212547004,1.097356186686793,0.11579602580534017,-0.10051316235630092,-2.8474428349966896,-2.236727544928813,0.9172090423060334,5.811395531750689,-2.6070955856517952,-0.04200889134221664,-1.0207570334837643,-0.4025654581906495,0.26651958643465207,0.12771197104556467,0.8375787478851153,-1.7966647229849217,-2.206657294022906,6.285756743977826,6.226744190237589,17.633580212279647,8.097468499022481,-17.9412937887404,31.42854590314119,-92.31000967410004,57.29985379014591,-93.91641317116515,82.33312267639612,-6.6251467504702255,-4.175068783499675,-20.46031100187901,37.28866210300276,-22.280465489027687,20.933869543745494,145.58352654681252,0.0
-0.10409398431803396,-0.1556443269832966,0.7584369243600831,0.9969983868872647,0.030606005899029298,-0.017956163958265905,-0.06881180947340713,-0.3298791936132542,0.139892024459141,0.0035472491386423863,0.6495461054785974,-0.28482525045492635,-0.03914105096792672,-0.43176923466137107,0.07108350606334947,0.02392528740249247,0.45249043332449007,0.01359470042612352,-0.0801121876013597,-0.5620850804694925,-0.3094340403670232,-0.05203201863416403,1.0539292326744603,0.10774417365400472,-0.5884205048597249,-2.4966412693473683,-3.354850385128577,0.8877450659062327,5.719023175892174,-1.761450758012767,0.5895835356683745,-1.0806924597490961,-0.1847542046368871,0.8016814218107143,0.05211702363781641,0.9149454711913674,0.15494023257132405,0.7681392146071981,2.1870962164465753,2.0499203797069074,-3.4244561280593753,-10.2895596326966,-26.470649975561354,75.69289295966003,-40.08013553198997,22.33595357123109,-154.53129585786553,53.92219012253007,-12.999785832187584,24.715198475055168,15.23305189264154,21.11603005357579,-31.849297609445752,18.358458783964302,30.296906106745602,0.0
-0.1152106600696396,-0.16194592648672165,0.7572865098458701,0.9962761643555024,0.03943261069791227,-0.018616888993931557,-0.07437933177182487,-0.368815829749073,0.0692433337203946,0.015892330756732742,0.7350690350582959,-0.322156512015384,-0.02284870339390434,-0.4482586804811535,0.070142695255086,0.0353516991367878,0.4495542571834033,0.03344435427460087,-0.0778881655665155,-0.5487631130879546,-0.32525942931490776,-0.06306043535269823,0.7141378147149855,-0.14882601238896906,-0.575915555924901,-1.4381353661557013,-3.510888905819455,0.6060440636650899,2.9658934127323553,-1.6575517072795294,0.7326798633478471,-0.5872928447129989,0.1092978757074203,0.41604395443866443,-0.32026053841055796,1.0514200920206496,0.17910831223234888,0.8030222251401045,-1.5702921446809612,-0.8646514593459647,-19.867917962190095,-14.690836325747814,-0.848418817570841,56.18175428979737,14.410755033999472,9.112614279339374,-141.56357498398285,29.571773746984686,-15.498229642238103,26.67938065442314,20.490184338917082,-16.238579958563,-17.933050382540277,5.506845513175434,14.22695100208786,0.0
-0.12621806094723734,-0.16863744670396608,0.7557536026420254,0.995599003429846,0.04481924729226225,-0.020949672026230947,-0.0795925290692942,-0.3923822289140181,-6.257475913711962e-05,0.026190619820423675,0.7798084073861704,-0.3431152546567569,-0.00849772568211465,-0.4557824273844236,0.07497006620354092,0.03976124165526368,0.43773284492401354,0.055916362654300104,-0.0772113933613767,-0.5511574374686589,-0.3462597156356834,-0.08995491995057235,0.39626247281757127,-0.2774914284401486,-0.503452407957098,-0.9186489492452997,-3.2854794101056224,0.597809626628266,1.581945858664986,-0.7779193442502814,0.6099634889139356,-0.2294441068069581,0.38265909537562376,0.0778510792604781,-0.7406059570186128,1.1716555389166659,0.05942458913136038,-0.0934802973428203,-1.5919343112770883,-1.7372832982983044,-17.79766754066291,-7.527872188085002,1.2869554467921185,30.32517834768558,29.199892142623348,16.639714393613566,-71.5278661449278,19.098608670787883,-13.746723687034049,14.004794106002265,17.819894111527837,-15.151116858154108,-11.125719836592317,4.15100318403242,11.795611181491953,0.0
-0.13740965208142575,-0.17538277878205683,0.7541388192511811,0.9948699893516597,0.04765186491175807,-0.023395792243811487,-0.08611411593429681,-0.4060729907872389,-0.06256515566524146,0.04219915559283676,0.8045025540001738,-0.34830953317472635,-0.001203748058189348,-0.46178517444714473,0.07423868122691402,0.019145327281537568,0.42405026838770876,0.04601099782246258,-0.10024145981088685,-0.5661510784644369,-0.3367280544864896,-0.07445195593899094,0.17935036430178308,-0.24053741290567812,-0.8011231586374651,-0.45831181043808267,-2.8834051152488414,0.9990155128217796,0.9120280176126913,-0.07600389234996939,0.26153599476410505,-0.3211984699626601,-0.12649285675868976,-1.490811566572184,-0.7344499489981804,-0.9958192571897481,-1.0400438377156567,-0.7405521526288142,-0.46747365031743293,0.5143604893161583,-14.267749871498323,0.724503793696833,-18.7311698143204,26.396371003686465,33.64823754602505,20.608687110615534,-35.65105429393923,9.001143552250074,-8.086984696370896,-0.39132224970491664,8.242516553271368,-24.095250118325175,-7.0647185798829915,-28.269118024727405,42.07483822253657,0.0
-0.14918201619320393,-0.18265489839394164,0.7535078371162284,0.9940433707993017,0.04651480626167602,-0.024714050311746342,-0.09541155844859206,-0.4084305894791124,-0.11049367868381513,0.05537118273418278,0.8030547928622213,-0.3292512910283995,0.003145600160953229,-0.4718371339299151,0.07736972645090166,-0.01783817443554854,0.4201009769264678,-0.025478736948002307,-0.12070017079939467,-0.605797227850446,-0.3908961144400156,-0.003618971803145572,-0.3789877992314354,-0.1562897604009328,-0.9995776718242739,0.0844997016041463,-1.9180832816740037,0.4407136292424325,-0.47014002292682133,1.006441203900784,0.17892789665080433,-0.46013690729225326,0.5236278790329831,-1.876827406260724,-0.22399899702531284,-4.456036324015483,-0.4597012057165005,-1.795745119058681,-3.120958450808784,2.4618481064318156,-28.18525536273818,2.82235781172774,-7.256213746071025,17.390154361796153,55.91003250500037,-19.549631075953187,-18.17124646347351,-19.997784509562504,-3.989228035631907,16.9657450652975,41.15878237554627,-3.096272319897371,-30.34223495747763,-57.52173217844786,35.36744699144329,0.0
-0.1617986285920393,-0.19208261851209982,0.7519399449074571,0.993197697578946,0.03902018212734503,-0.02581422884804857,-0.10662731591674754,-0.38108883502111185,-0.11289955530750455,0.05063640221812234,0.6824093557339512,-0.2749179049987109,0.07321310808357746,-0.5193252484060296,0.10717511258611194,-0.029727093035748484,0.5176717851794848,-0.1568570906550165,-0.13139004646318517,-0.6360861431963084,-0.5452553850106394,-0.15753525690914244,-1.1528707704826098,-0.3792338776644678,-0.8357239279634338,1.7748994199751436,1.177457060968523,-1.26081016196544,-7.848852825739199,2.4214738130147806,3.573173897014035,-2.727444498717112,1.854123284655027,-0.11170554428759842,7.143934928896121,-6.113171143556192,-0.07844543213567219,0.677978142022738,-8.61576784357719,-9.856072801389733,-48.41932736429231,-21.466716066224002,55.092443925785965,1.3466260897763584,132.13427797203565,-135.46216543854624,-19.409907811133426,-80.2600745241474,-62.958592342603154,54.6528145553801,3.611325311063888,14.347561786293586,119.93586722642186,134.88963656677413,46.72807788781962,0.0
-0.17450591918009783,-0.20417644491637577,0.7479054218183133,0.9929189477154095,0.024971175425902537,-0.029513585748079683,-0.11232698661436374,-0.3493928081353737,-0.048726653494882935,0.060925862184615445,0.5388193456421675,-0.14141996542175972,0.09730920701777257,-0.5685396711369178,0.13875784857915935,-0.027987139271975957,0.6966149136787164,-0.22454999859899988,-0.1360702150143291,-0.6499620401074693,-0.6002988190798424,-0.1495255039470834,-1.2348346385068834,-0.5858419339868819,0.048328396879567775,-0.18660609634313435,2.879615368864249,-0.2939264697706139,-1.4524218796501556,4.033039605045515,-1.3506737229626125,-1.6159103801708836,0.42424994446733527,-0.26179566882876504,8.308810922903211,-2.002478828250492,-0.21827120379845094,-0.9706394602918659,3.415504607728329,13.066036933177312,36.773716147783695,-5.574834997538215,63.38629162971407,-165.25717381854312,-123.82791761100661,-141.08382658675774,545.0707224916271,-594.5336955430797,-160.09386767953947,138.64629454339214,-166.9186255939601,-26.300453297428614,-186.08880664652827,94.93015189936136,3.5899346708810853,0.0
-0.18749213565921552,-0.21444073777698996,0.7478531843337145,0.9926986057651418,0.019995547354833238,-0.03414383543374395,-0.11394671868815395,-0.3551257987941432,-0.012491742253297054,0.059505748052315635,0.5311348035884126,-0.10642308273406435,0.061559582078182414,-0.5815607123951424,0.11905403817865882,-0.017701078369940403,0.829676999137244,-0.24442196786078635,-0.09675697966260602,-0.6424444024923327,-0.45729323812116085,0.1011645461238971,0.07668569823218598,-0.493619130491639,-0.3392025107420963,0.13843231820938748,1.1865439357892893,0.27570149511036507,-0.8983518544444443,1.3035564606924777,-1.7267882660775022,0.2304094903683049,-1.9244778000844966,1.05909361410895,5.010077811395187,-0.6047297527604082,2.0293346350536807,0.8384889490542529,5.020825521713067,9.610898597077824,47.70500945263936,2.8559131186752467,-24.4602093917585,67.47822985957647,-51.67874135280016,44.6623599007949,-118.8119877339634,21.07096108857907,25.769719449189083,94.42073134447718,-86.89520073013172,53.569431636101044,-187.69585015789463,21.629684718231363,-39.033612451976225,0.0
-0.20053483851440587,-0.2230870433711538,0.7502660397145857,0.9919531923189548,0.022995651613018645,-0.03797251222780969,-0.11856708046601971,-0.35004912803743105,0.005722607918094108,0.06988828318803054,0.5044087230781029,-0.08064423911708271,0.03843942293005369,-0.5671548106944557,0.07493615942776854,0.01548036169654674,0.9006598904558951,-0.26829974447931626,-0.04654710495385783,-0.663831297240713,-0.41977878983105876,0.12466496007063464,0.4639100316183248,-0.2286952731117947,-0.5574889951732253,0.3014295235310656,0.7991726934859418,0.7441431906344201,-1.693220317026858,1.3589665944498226,-0.6233313478619257,1.0413235011687492,-2.4004283726343756,1.9160635230838727,2.3731268154188228,-1.1780428429487002,2.214747381658233,-1.6803639833946677,0.7779148674320044,-0.6347542171832841,9.929742972038287,16.087436803557566,-7.5441058350062065,-2.2590549532658524,-5.207388976136015,23.01927492618888,-32.03854498463189,9.804083666256544,61.01358424381569,26.550322909408397,-17.915440008645874,12.414900470897411,-120.24820562421198,17.296165804852958,-48.31668470599286,0.0
-0.21403121381526605,-0.23175667905197195,0.7521265867103952,0.991136810480966,0.027182573010932833,-0.03980992086134204,-0.12379055228544919,-0.3455579036738997,0.021687871612715497,0.08159202543761017,0.4697196974966731,-0.05223826742587257,0.027868629487856626,-0.5374173066925868,0.029986114747179684,0.058478106053858975,0.9175351913336828,-0.29959776330644594,-0.007705969222042649,-0.6893183343849478,-0.4460459672929494,0.056691375245864234,0.36430880363082835,-0.053764393587299876,-0.5109068899789014,0.04394782748279222,0.8357470036921995,0.48361454788355235,-1.625164555638439,1.4315257106960328,-0.3325232884077094,1.66306870414917,-2.1594219493546394,2.1280441283533245,0.01348236771718532,-1.5038302514183184,1.6032562505483792,-2.0051548996955146,-1.5302635525946695,-4.800755980015825,-7.492553912514063,12.292429960901224,4.104192245490706,-28.12583682825603,6.714895933333534,-11.35673285397313,21.969994118026655,-1.0882060962581108,20.726304165793326,5.95309887062629,8.370494395092368,-16.734932897703963,-60.07038875233689,20.650462443037924,-37.56701497297587,0.0
-0.22779455153116873,-0.24117125678546303,0.7525282585881296,0.9903406877951506,0.030120660996635684,-0.04087874382995911,-0.12902323892011533,-0.3423297004247531,0.03868126217386091,0.08587881343764868,0.4345474477155878,-0.019955734383578505,0.01270670738330083,-0.49263631771165123,-0.005831528162198316,0.09935102999316679,0.8802775358758229,-0.3122868110457766,0.015434725087964552,-0.6964649469598299,-0.4878278405264412,-0.02318000608111951,0.24072237651850992,-0.06330751763404929,-0.5457912605627254,0.04190341343708104,0.8825842410631858,0.08612931092407736,-1.5790801340266827,1.5896134629647003,-0.7743821488326277,2.3588346999684506,-1.5677200560819509,1.8060824894413348,-2.4682864219516887,-0.4500727225423274,0.9046590615116787,-1.5764431501360838,-1.7078089745072706,-5.6353929811391605,-3.7422491605124018,6.143568690365902,-0.5400586364073781,-26.277614576764176,5.121903146546052,-9.5116768118386,35.917562535299076,-11.788219564182718,7.889294975026827,-11.134807195139826,20.38005024754538,-37.57732086388899,-4.465755679724933,2.6507846265193225,-22.64548741463086,0.0
-0.24182090764961725,-0.2508128101313583,0.7509900993398263,0.9896470449125985,0.03290716271958506,-0.04149193659955238,-0.1333951435949829,-0.3543720161204103,0.039870628007966064,0.0572954194699157,0.42693638334965295,-0.023303399149004096,-0.010072571974845759,-0.42866741043451745,-0.03609163115153617,0.12842011126678154,0.755559199207777,-0.2575054813473068,0.006113340294505824,-0.7100087393098209,-0.47261607703739233,-0.1440620686395471,0.3588823284141181,0.010758366842076095,-0.4994819898845327,-1.0115988713773618,-0.4139586628545169,-2.072668187504011,0.22098135968037846,-0.42612707929899957,-0.8688752747324617,3.209843450701911,-1.4404916664623237,1.2193708023176408,-7.116152586553783,2.842751556351122,-0.6412034239814506,-1.4542902723328455,1.2935695608843254,-8.804134963355505,13.961862847761276,8.331926794135908,-15.273818351921612,-38.70665971653331,-34.82032570981017,-29.471876765157372,48.29766812217326,21.398312279080198,34.29391615816102,-46.811534163643884,10.588727263278397,-25.624655708616668,47.438476208027524,-68.53722225590134,7.301771597652481,0.0
-0.25812222505370774,-0.26040115092324057,0.7485041776331297,0.9886636132304959,0.03330606828488974,-0.03776702861564738,-0.1414518194968425,-0.4059038565360853,0.03928490625674525,0.012205450606095907,0.4872259566337767,-0.08636850490176223,-0.014850915451174585,-0.42121586510312603,-0.02954292143840996,0.1351362708636865,0.6811434008544853,-0.19749200876921755,0.004424885376709181,-0.8681686800440814,-0.48265571320546496,-0.07547550422733418,-0.3489183889727323,0.44752937001354687,-1.13868638582939,-2.889133033399774,0.29524898135522865,-1.9227953019045767,3.8738700711548795,-3.3596280847205784,0.23210000746287102,-1.3550749345172768,1.6665994356303424,0.09727880714917209,-1.0849920279279905,2.0427387084586504,-0.6448744960619545,-1.3582843412844008,0.3152909328598176,5.299673577542222,-24.272151719480966,-7.169230979820521,-27.035122283401225,41.642193732639385,16.56870311362389,69.36211450999069,29.14776942496421,34.46114008041329,45.99371292150375,-72.3106268310216,85.83688332810152,-9.486844547284822,130.65012815680132,-42.62993317261185,-58.681300589691716,0.0
-0.2756724125571366,-0.26922344903305057,0.7475198970183581,0.9873808916245931,0.031088506375162587,-0.03306643894992503,-0.15172043448776598,-0.47174037975156574,0.03983289261135101,-0.000181072808850442,0.6189612128145386,-0.19049662456660832,-0.015845619371704662,-0.45482047536650183,0.004957172684910225,0.13325460849212944,0.6726663122535559,-0.16061175499193467,-0.015626942361888416,-0.8610993772345176,-0.4074473003934371,-0.013833921981680621,-0.2168582867778364,0.24412996878194798,-0.9575115649113102,-2.8081927583143265,-0.4610160164744562,0.06622984876482044,6.574019369199726,-4.609539291344782,-0.0998879778349318,-1.4760557654113167,1.573557864392668,-0.15590439779455625,-0.4580218844061067,1.863470899825241,-1.1028482112466431,3.0236775551246278,3.666949939223058,4.560484311752073,16.03991554468258,-22.099110542654127,10.204756029244862,96.34270868077448,-71.28956350491946,49.67445379749918,-116.95263314376955,115.41620563963163,-0.4316828059829393,47.11804873053868,-28.056530947842415,-1.9760787924036953,-33.636705224609294,10.865745830910921,-1.3078790925838053,0.0
-0.2925173450630098,-0.27661754198599015,0.7477011535605916,0.9860431367534942,0.030830536951385854,-0.03191425022141937,-0.16046772599318762,-0.515486002828775,0.018314211267428195,0.009572207864495178,0.7440804618172182,-0.27514419575010163,-0.017071162290961978,-0.47661434778662376,0.03144689467711894,0.13090879918084886,0.6568387778701249,-0.1203645796817011,-0.036590928063760644,-0.8224518419570931,-0.3408478020256534,0.03114651606022715,0.07777424952052328,-0.07697485489938943,-0.8289231897571626,-1.4189655967709662,-1.633744302471652,0.7523416346917527,5.175096744078859,-3.493433826844454,-0.0578544379745296,-0.7101538078580759,1.0847750644788585,-0.063404372309544,-1.1143979791392051,2.1114174855014736,-0.9831692339507248,2.2809573875823212,3.0007456650745077,2.3827414895453223,16.867643526583898,-17.718780874455238,6.814459913753212,95.27276298737924,-63.89667832821132,23.970440498163104,-156.55976083582064,84.00791537402458,-0.41885774198597536,43.131618887173204,-27.826683180913665,6.91114043594398,-35.33814618042518,8.244388935156678,7.897268694326801,0.0
-0.30885574582865,-0.28309975339875976,0.7483718150795224,0.9845975389411431,0.03210657375802202,-0.0335906210744401,-0.16854828509480543,-0.5307599759148082,-0.020099788314853716,0.025687095272285725,0.8288115563481214,-0.33254644828181296,-0.017481593324948398,-0.48532837414561963,0.05084080913840493,0.1293744095639122,0.6284134996287366,-0.07515320442469958,-0.055902105756946374,-0.8131770287999073,-0.3121932006297668,0.032432041834770345,0.1804745776773664,-0.24963910633514474,-0.8097291601533128,-0.18422764913390868,-2.1228865275124535,0.87688268479283,3.2388360160311804,-2.3300103641828214,-0.008102228357314082,-0.24763756918081548,0.8665954253829125,-0.10946151851433636,-1.6084256483253567,2.3566733137648685,-0.9525491949513107,0.25604543226202525,1.1676952881281462,-0.5616338654013862,5.327119159340595,-7.535926859314141,1.3254244576112708,63.085142828371396,-19.213549060742466,8.68834416873724,-116.68315250664459,54.51666758639839,0.5067581051435146,16.598308795731512,-11.79192268243357,-6.168997605349084,-14.488229364856807,8.377518741046762,1.3829303530238555,0.0
-0.32517155752453214,-0.2892256536314826,0.7487007048696518,0.9830267668418738,0.03366214341937907,-0.03651919984300532,-0.17661139208911095,-0.5252334134938536,-0.06296670637075236,0.04569245567573406,0.882078973974002,-0.3756242717910491,-0.018381208913506975,-0.4863138423065304,0.06807330227082371,0.12836995025597986,0.5909457723722,-0.027661770326962355,-0.0728792728038895,-0.819783418647476,-0.3022326129270399,-0.0019709628345223433,0.18541349815569594,-0.3164768800795286,-0.8114266293151883,0.6477653396738833,-2.154561032659278,1.0711728605532707,2.0705530115404382,-1.8139579214477455,-0.05275120487338885,0.04498871258227728,0.8354721095993505,-0.0520712937609334,-1.9954598583714562,2.39271089812301,-0.7509948511723716,-0.6135802776372672,0.3775546134828187,-2.6075320107962834,0.7037820355719276,-1.431415707850821,1.5810929798787792,38.57189386751941,-0.46989887892345517,4.916827725293891,-68.46928393881025,40.62243236089213,-0.17957542232915025,4.872049932210298,-4.960443177713501,-4.877004025337413,-6.296912909000728,2.579096319460013,16.47971114335474,0.0
-0.34165773772696534,-0.29529645935333054,0.7481807280318442,0.9814342691896392,0.034757579445146555,-0.03977801008716778,-0.1843811157489251,-0.5044973155194702,-0.10529131283139623,0.06890285709751742,0.915165914517252,-0.41067867651230366,-0.02237510512561938,-0.4817238608932745,0.084235319501583,0.12603080480365939,0.5450516226597598,0.02010358826325207,-0.07981038742843113,-0.8317911326483787,-0.3047599591335052,-0.052751863147506586,0.10866148065290952,-0.32314920422262755,-0.7570971653404509,1.30329073584001,-2.0805418242907625,1.190844637643763,1.2917029446296477,-1.4965576406025831,-0.20513352389602205,0.2546577463751029,0.7994070677531296,-0.21165991099177428,-2.3587693376000654,2.3422012690994767,-0.34291344603140583,-1.1208579964637688,-0.15054639427309077,-3.609116477502695,-3.644859020221324,2.9876409384121074,3.8689439718816736,24.572991299338966,4.4331990514114,-0.3659427546963754,-38.679080370271514,33.09092519969246,2.559503930056072,-6.28984923490694,0.16266620744032256,-12.15326785025261,5.3198858288809365,-6.8709804561345535,-13.28452930253038,0.0
-0.35830497641724757,-0.30135261188051116,0.746813781624347,0.9799155975053097,0.03505339046504161,-0.042859991914715435,-0.19157166459523303,-0.46798132553488797,-0.14933011325537016,0.08908110728844357,0.9241245514934365,-0.43482607946090046,-0.03206190008718593,-0.47524111131866914,0.09387211419814949,0.11070352860931063,0.49442305256021557,0.06282380265775826,-0.08405337035746839,-0.8366478830356905,-0.29750599756492496,-0.09348318017290114,0.030910690126557484,-0.2996560918138634,-0.7285249081132258,2.100471200425826,-2.2441038210645337,0.9266079236316828,0.057149977416019175,-1.0051939395030853,-0.4668794509309811,0.21959818738653775,0.14481017379337918,-1.450607441903827,-2.5569836770334406,2.4903066753857646,-0.9026244321595036,-0.7206211280060196,0.7656027452369198,-3.8781319157699694,-2.9815145137527015,5.42846916662857,-3.5038393052453225,19.478874308714413,0.5561414351336493,-3.545627967460938,-22.0522228114419,20.63166972845084,8.180371144069198,-22.6277448236578,-35.35390602529901,-74.16841822747259,13.655700448188778,20.347147316094805,-48.13563783874996,0.0
-0.37535101195659915,-0.30733848180525103,0.7453986488567109,0.9782828281052975,0.03356322904610606,-0.04478259492120206,-0.19957639410116573,-0.41455302976354075,-0.19523475076574837,0.09618632658927743,0.9023644824664874,-0.44469311800304234,-0.052397377682011144,-0.4771422481026651,0.09494982920505105,0.06864077544351474,0.45630502029010844,0.0638001042145995,-0.09621759033667994,-0.8712075393067639,-0.30540767275843167,-0.06531177820622228,-0.3062531646231853,-0.18428514198444293,-0.8702382454989428,2.908643389006893,-2.1420180966010944,0.10500483326757867,-1.400410818934341,-0.3631414869016246,-0.9599688085540667,-0.2695554584684917,0.14692071512483484,-2.4526042427182224,-1.6752157459505066,-1.1452176112906924,-0.5647965536447525,-2.58725778746529,-0.893036225561512,-0.4037222726088727,-20.114063385157912,10.187441812774997,-8.293237822831337,9.381379241560955,29.36604190054333,-13.073430762088071,6.778463359792505,5.789366167771225,18.96221271625519,-15.692767316582303,21.547218319817148,-25.35112474048288,9.954404035647803,-95.06909460594078,-6.9302772033425475,0.0
-0.39308939723783903,-0.31350071523425904,0.7442180672854204,0.9764448262086989,0.029322643954290534,-0.04472365628277649,-0.20903463466730796,-0.3460690859951238,-0.23647849938154467,0.08562026484183198,0.8445353312903746,-0.4341813446139577,-0.08156515472561052,-0.4818400557647457,0.09547633737243591,0.007713146233768805,0.41672716146972416,0.03576776409234051,-0.09466083102930788,-0.911017845684249,-0.3127407048317843,-0.07397262316129613,-0.6005508594471936,-0.01269888291384863,-1.0224053221150884,3.4666753826051324,-1.764938286188087,-0.7235590960067684,-3.0828983705737705,0.5673245300965771,-1.3229868135871994,-0.31833348007060897,0.15409512833513156,-3.3264564656458755,-2.0563636817389237,-1.9179648771339128,0.06387293819155791,-3.5827236820942696,-0.7183904209750244,-2.9708112024298354,-18.0876144527863,15.907342029669406,-9.763358456052806,-21.763430283243906,48.22394039875627,1.5096039066014066,44.547797619478146,-15.856448027378862,27.79254267250838,-18.305668765395563,38.164478007677154,5.075670470245601,4.11598020112938,-47.03078640159343,25.725690495746484,0.0
-0.4115780906558693,-0.32027744702073974,0.7419293153231756,0.9740941894127514,0.02227623102442824,-0.04272953254064412,-0.22094901387542018,-0.26010992657292087,-0.2565109311370279,0.0746847645411482,0.7111810524437497,-0.38311894029601606,-0.07571615292946084,-0.48958517052600525,0.1085683788899139,-0.05253495581429829,0.3787242144818472,0.011610584199788141,-0.059496780807898116,-0.9563056485967039,-0.3624712979383352,-0.1787937261695901,-0.989411139563682,0.09989211292780156,-1.2090684867133608,4.16191442794908,-0.32134991100931953,-0.4508899359831826,-7.264424194865866,2.4449000256858104,0.527520983105334,-0.6140156891188343,1.185015655311714,-2.7727346264908808,-1.619204848127493,-1.2791590470735075,2.148245664042381,-4.884419109092925,-2.459100262714512,-8.953000997926123,-26.087227287001838,16.87336682916753,6.477068289122678,-70.21638042523158,72.65701243306513,5.591918578188325,84.1090607769477,-64.94076108044918,-5.354358184476016,-34.86569820602205,62.99180289458374,29.199487883383533,33.86178808586012,-23.524360023003947,8.492038421904827,0.0
-0.43184858381976704,-0.32736047535136936,0.7395566989862301,0.9720896413026903,0.015083431148700501,-0.03803549282984194,-0.23101411355581733,-0.22283751860181625,-0.23885150398980023,0.07770335571030862,0.6076730818227171,-0.33641624757151406,0.1043577462209517,-0.5251653202643525,0.13676617570134408,-0.07005535388058054,0.40428506862524677,-0.028284618602042486,-0.04647531560741009,-1.033280338548,-0.32060430407204793,-0.004972442616459509,-0.48786159435203286,0.3189225929616427,-0.6342628784939881,-0.5454352456317908,1.1966925477737815,0.17149110874967113,-1.5509560035619514,1.5615395966847425,8.132792188808438,-1.9453748175013361,0.8238764374654148,0.3239134285920766,2.62786113847432,-1.7749591996348097,0.3174214735288766,0.8274076303183073,3.7230244571589046,15.230299315614074,45.0319735760634,-6.878565757421356,40.21234724904359,-191.3063713412384,23.319545900670782,-2.7276915363294965,340.64592179433214,-76.773071042255,-847.367629130446,43.86487437573381,-96.06497762116811,78.04539014738032,46.730984994000934,58.54217491076979,-13.333367649832885,0.0
-0.4526644989688363,-0.3330314451338129,0.7410057477486406,0.9707175155544839,0.014198017568977254,-0.03367019342801491,-0.2374283878717143,-0.25877763128154024,-0.20922008119843133,0.08814514384188447,0.6160796317430638,-0.316243391334059,0.1605921401936998,-0.5698066314276499,0.14055727725751996,-0.060964785544661275,0.4983756735671646,-0.0607310613677672,-0.0582898523637805,-1.0258518236426435,-0.2716295746955043,0.13501876152817785,-0.07266993210499283,0.3254224751661558,-0.7010085938688779,-1.933426387290802,1.5750548138678113,0.6164360907061021,0.7400381083738261,1.002530368187848,0.46835007687515023,-1.7841486272084597,-0.21346808513171178,0.4344252919597147,4.774676525919666,-1.1203513903684625,-0.675392947367264,2.5785130260778533,0.1595223017064221,6.633353987685455,8.565851316340822,-13.157256833993653,-5.5876108299086855,32.05791761307106,4.571527994340498,-1.3248594168837151,-33.64786290724037,21.538524747525024,-147.18318866713838,85.62410119462527,-35.84500931606187,-7.24318866660288,-80.13889163481656,52.24594710118605,9.172976532019858,0.0
-0.47335136285824775,-0.3381630396369445,0.7437967370288298,0.9691250298412021,0.015269751309927256,-0.02927151518147998,-0.2443495234887965,-0.29993601462230934,-0.1775720342932151,0.09956335783348137,0.6291056321616263,-0.29306896486202594,0.15464936666073387,-0.6055817148942246,0.13063945763206317,-0.05343686959739252,0.6049538895436395,-0.094818448694994,-0.06223441497426537,-1.0365472923959966,-0.25406954175654906,0.15006448351065835,-0.029445765943256874,0.48088708849514594,-0.7140796643168731,-1.9645711162718114,1.608937190540385,0.4674742097612896,0.3567211754284598,1.3273064166272168,-0.6690476210503451,-1.392178360048836,-0.6615144783037765,0.3088879290122598,4.674345995379109,-1.4500858722748804,-0.05721895646419502,-0.09689827908317745,-0.2955899267516034,1.4397631123225916,-4.042202214331131,2.362373208431044,1.7947695134123953,19.464212788608314,4.467169604792647,-15.065829499495958,-42.16072444668328,19.65737019618701,-26.48992975510478,63.6318742685076,-13.382778634487485,-6.42354020915721,-126.20797185148973,41.3624574481361,6.5069052385976045,0.0
-0.4941640697736848,-0.343306002111637,0.7467685615963261,0.967597266898538,0.015881855834025335,-0.024194889199992787,-0.2508344136723371,-0.33615304988995626,-0.14473589794450353,0.10551018083913369,0.6299855074843327,-0.2636145465614756,0.13911913749181784,-0.6243712525740007,0.11423200062279532,-0.05029051962654348,0.6838473016360173,-0.13176905127323743,-0.05869652393454255,-1.0447498681057406,-0.2633544591266058,0.14885061264436505,-0.1454494989945215,0.49083197103393356,-0.6401339568047383,-1.6727190254464,1.6911569554046708,0.1478789056390594,-0.20141732282209937,1.571866507388854,-0.8601037518389322,-0.4677587626206458,-0.8770034451112432,0.1121194834903231,3.0050459335552144,-1.6527099533219505,0.1893191269488184,-0.5514761604509016,-0.8787247398622394,-0.0146534163249043,-8.196439351115789,-0.6755044800113161,4.03588539825152,14.78204619397362,6.611056679551185,-16.739144549093222,-24.75932990012997,9.216894336274631,-8.597857648568494,55.14540346072054,-1.4693751389385588,0.22865785347086964,-114.87309016391049,33.89143606702923,-3.356443913624179,0.0
-0.5150447168708446,-0.3486537536734164,0.7496751514668003,0.9661274401808798,0.015500591225509997,-0.019484747181112424,-0.2568615300672503,-0.3646919131041796,-0.11086225220229468,0.10639052209291967,0.6194702678673951,-0.22989106849827454,0.12041406370695075,-0.6259831247035502,0.0937853582819955,-0.04931588827114678,0.7370479315203202,-0.1709807959046664,-0.050598152173019696,-1.045929643578087,-0.2731927709065086,0.14156340666432193,-0.2048643742455195,0.38892042980852476,-0.6144860163219916,-1.2613053857353669,1.721004014609537,-0.04653775164475613,-0.7284176173251916,1.7528282650713125,-0.9930609791792331,0.28408169177744036,-1.067173166136887,0.06049933249654538,2.1171544665018507,-1.7312979416319452,0.38207692774901447,-0.41591723714215856,-0.8019875161393633,-0.6163996807890377,-5.435119099748119,-4.508960500758096,1.450671610373644,15.113317185719827,4.721798006526509,-10.346713223057142,-17.127710332300627,5.301899342030027,-6.858814091679089,41.22815330726251,0.7025728815284986,6.57248330616972,-70.21769025300713,37.44172871974505,-7.520452578478582,0.0
-0.5359164097145854,-0.35415257546342804,0.7523534032206808,0.9645580594718461,0.014685852519358254,-0.015916775275564427,-0.26298047818899906,-0.3846346640914101,-0.07701210812012392,0.1050933361855368,0.5985148257954294,-0.1930399772007602,0.09843713277233211,-0.6149528811978556,0.07043199241243824,-0.045921029892707306,0.7795628941164482,-0.21170448323124214,-0.0386812476947054,-1.0452612890388884,-0.2792095817175308,0.1252856362056183,-0.18740480378673624,0.2574947872774221,-0.6456346504773818,-0.8339270395609186,1.7015616095690729,-0.09547925771398187,-1.22792272927726,1.8807770173965772,-1.156264814930468,0.8146474960137514,-1.1816951174022317,0.2767511600283657,1.8399160764736242,-1.7869054079302948,0.5431003862184229,-0.48872748432643776,-0.6404004962060801,-1.2581386931869738,-2.7596717036204432,-4.9608070662413715,-0.5282294398774312,12.950352640690994,3.038912463300127,-4.651717476274586,-12.411442125779244,1.4263292593421533,-2.9021504471559587,29.960852198332802,2.9229693544741964,12.18675395031633,-45.644642486633025,40.44045333530447,-11.430338289494081,0.0
-0.5567863814017509,-0.3597583196845784,0.7546445730912811,0.962813280189982,0.01395464814471161,-0.013740062243638813,-0.26945698353263553,-0.3962018407007905,-0.044035169151368944,0.10372773635514407,0.5679406240240541,-0.15396913782731209,0.07381209429798838,-0.5942418978033622,0.04529171644559018,-0.036389079850657056,0.8179186247126367,-0.25270974983174166,-0.024468792766907367,-1.0469403033820728,-0.2833415380473526,0.10259675510439718,-0.12376402043734724,0.13242666724324972,-0.681457926121893,-0.4649273227791771,1.635278312455117,-0.07715770278649817,-1.6379659091688972,1.9965582514102846,-1.2114067459512705,1.2401146817114816,-1.2759027142152704,0.5943949537139143,1.7101692430897684,-1.7908012569627558,0.630720648355565,-0.7684248726614937,-0.4849355555772038,-1.6836665955021932,-0.9379569705003766,-3.553685526632062,-0.09621630188470118,5.221110560823844,0.8011184368824964,-3.1585619681890793,-2.0131150874569212,3.1404666814233497,6.238294862133188,22.425641074145883,1.1161227869672912,9.422775498846446,-36.62958962918728,41.028639272863536,-13.882758242398236,0.0
-0.5777469774713704,-0.3654871435407045,0.7565011512637109,0.9608945526949617,0.013525801219326908,-0.012896251167678842,-0.27628318444730665,-0.40078708118774875,-0.012223744442857353,0.10298116095281283,0.5296467590949078,-0.1116063905965994,0.047776958890383234,-0.5650259969522433,0.018503124411519536,-0.021160820620849317,0.8517501220563422,-0.2918089528266627,-0.00986842485522596,-1.0543974020955125,-0.29097004326314146,0.07898481957578986,-0.0622271270442916,0.019866616804397504,-0.7219260445303499,-0.13980608456583146,1.5945270102154132,-0.03775043826230535,-2.0024445283837378,2.197871541222064,-1.360070260380697,1.6306655795008844,-1.349323210977553,0.8319005937701165,1.491262443390114,-1.6969075055983984,0.6345616020149326,-1.109819114691723,-0.7221959809827848,-2.176823797074463,-2.1048491584549414,-2.5436928962592456,-1.1110763828490295,4.488580622738837,5.830353430807742,-1.9612118538110332,-3.6008979169289925,10.355565088807902,-28.02538332657031,16.70706024942769,3.3628366191070524,3.2256145519031283,-30.82725398464916,38.55673924428708,-14.421309578498988,0.0
-0.5989830653427493,-0.37143780775455726,0.7578760830434054,0.9588251119889813,0.013196132280243677,-0.01304516523439105,-0.28339034982893696,-0.3999973754416483,0.019145970168820817,0.10254411671775175,0.48519528666195344,-0.06535353300712096,0.022153300254037854,-0.5283831716622965,-0.009332941373221307,-0.003304613946604313,0.8783044469465239,-0.32645188845893786,0.003077094198281541,-1.0738539121309734,-0.3042067154283662,0.05306639736482976,-0.04313376440834041,-0.05348960272070736,-0.7477275010507152,0.07016840214196778,1.5870782915934125,-0.03241915264230734,-2.2471982092928284,2.3450634078469648,-1.1415396024689355,1.9464984803470196,-1.3774418198017873,0.8942264999977901,1.1257050426716253,-1.4899619442368106,0.5497446327073946,-1.7221889140663156,-0.9540060278764712,-2.5958914412306218,-4.2665674580887485,-0.2905217746978347,-1.5137142036072198,-0.5567220391996378,7.948365828991853,-3.7749601345240396,0.465991920838442,3.3380587159213415,-17.871696130988106,8.237227416041947,7.414025554962135,-2.99242359718379,-23.817401948236977,33.4050178722712,-12.827734357623102,0.0
-0.6207061886469957,-0.37774597007396304,0.7586457329247188,0.9566074166005648,0.012573359472896402,-0.013766813320621183,-0.2907827986442021,-0.3947472562939058,0.05132126384239948,0.101756452917314,0.43481521885820607,-0.01588528476380722,-0.0033068498889681215,-0.4858110991100271,-0.03651870427824169,0.01415725794865406,0.8945570148239248,-0.35623964340334946,0.013518584363487731,-1.1033692834397801,-0.3235983301966805,0.01821117780521541,-0.07186587161130212,-0.10000363130344418,-0.7783509189287396,0.24367836271663518,1.6442980448138382,-0.06739077380890807,-2.494611210123297,2.4618135699887427,-1.0384117794609389,2.1755088941352176,-1.3053573547609678,0.8226036871976484,0.6211951907679253,-1.2873781345214852,0.43729223448874754,-2.4298487724380555,-0.8777515162868853,-2.9671807349059227,-4.914553143645042,2.6242887606145855,-0.7371269219488549,-13.225794563230565,6.391431450789046,-5.343615756629198,17.18798522814024,-7.383603516012778,34.82292084202462,-2.614444406009563,9.90760951937947,-7.738474832479522,-15.376283720530605,27.789580599181274,-10.29844324523885,0.0
-0.6431055917400857,-0.38446590724882357,0.7586551863749533,0.9542636640731149,0.011533927179015892,-0.014695507153558092,-0.2983820873026441,-0.38685254408850567,0.08438928622953207,0.09976627207142637,0.3801788259637918,0.035465225105536013,-0.022463900748073255,-0.4393634268544661,-0.06154860664117557,0.02899662293407577,0.8980415227734427,-0.3823615383722326,0.021557897581310288,-1.1412017620119055,-0.3440780425764007,-0.024044834848173158,-0.1052440250106974,-0.11687906595085475,-0.8010870724755988,0.32634405146099904,1.6888399651453483,-0.13348513503981324,-2.657505660134812,2.5467797321845427,-0.6246674406580006,2.2940650384935792,-1.1630844697803706,0.668754819789699,0.013057751757970207,-1.1499257467941753,0.33465218517476736,-2.898047903617074,-0.7766638242535215,-3.4953774956115122,-4.372467536183626,4.554576747820001,-1.142094531061783,-19.920615414245827,6.626302545421872,-4.922023486983675,24.630644795775474,-8.32953952595138,45.297950985893266,-13.628718787839537,13.691876730690451,-8.52831359590734,-3.7679055154946948,22.653912708987942,-7.91506020132581,0.0
-0.66628953135414,-0.39163185738650064,0.7577315571892113,0.9517925942774461,0.01012458950858695,-0.01569934753507918,-0.3061729587224595,-0.37760265839445634,0.11832103141267127,0.09629811768503264,0.3229428499651905,0.0882151652394816,-0.031556892265119714,-0.3906214916422209,-0.0824689284920539,0.040455635762323625,0.886111729304192,-0.405884488818607,0.026888087079313984,-1.1816355058770995,-0.36652791216302194,-0.07656668925624789,-0.1319585933456228,-0.13401211850083286,-0.8309664541369508,0.37600853058188755,1.7354085718205303,-0.20762134950170108,-2.752077656344752,2.599029504574778,-0.15846248422608603,2.353096011102089,-0.911406714239947,0.5036610610148073,-0.72572063145503,-1.059003022073487,0.2139262411306555,-3.003776271875963,-0.6970503317618116,-4.289916034688371,-3.186044255567122,4.787621635490935,-2.7573047426818773,-22.00422905577666,7.188461124329911,-4.574399790570446,28.975507191301553,-10.937788969599222,33.66285208066065,-22.904724257764222,17.98301188603299,-7.323228140614292,9.974623485542386,18.176488099906333,-5.321927954412394,0.0
-0.690248337741857,-0.39927463334592106,0.7555937178018338,0.949151382650799,0.008437631943752166,-0.016892544467413544,-0.314253243612019,-0.367607288754998,0.1531342526846083,0.09100160744685053,0.2651006360704247,0.14064643476249536,-0.03235411196012634,-0.340522516187986,-0.09695551615499072,0.04902459604383797,0.8563300466604652,-0.4267334832879483,0.028732220299509274,-1.2192327064588373,-0.3893115875734577,-0.1450841772830082,-0.13598832590555437,-0.16373475479471028,-0.8710624559963491,0.38937069409251535,1.7707753410174296,-0.301218893744153,-2.714226163377941,2.526388926052751,0.1881670799310772,2.3689329932981265,-0.560955066167572,0.37382723214376906,-1.566429949878304,-0.9527603110562962,0.05420661331559476,-2.8753278333628196,-0.4002646567639212,-5.139349464858676,-0.22482685044301506,4.838993683323768,-3.8536547129531127,-25.70029365524381,5.1083167855054485,-3.833072730448432,37.77263018571834,-17.437615181001195,29.791712550019348,-32.21275303497441,18.33400361525504,-6.425911917944192,26.285772131900096,13.895259015435707,-2.0627238258971112,0.0
-0.7147583820294283,-0.4071458468228439,0.7519525268363352,0.9461666140871321,0.007330030556446274,-0.018588603787571805,-0.323062645392751,-0.35910369117311397,0.17944192694915226,0.06691420386195202,0.21096428069433637,0.18387582126814633,-0.03369592742273951,-0.28961192264071894,-0.10494014112480263,0.057504714082560554,0.8032745291743357,-0.4400727351532073,0.027211669091510203,-1.240609938610407,-0.3894152135892259,-0.22373118008907386,0.012044615448877638,-0.18437162770058912,-1.026179259895847,0.26382144286297426,1.0794137737355907,-1.6626604323073932,-2.4222844665129366,1.8154341769800377,-0.03279817800798921,2.326809980604312,-0.28883276377807543,0.4598601394420942,-2.724593580633548,-0.589152425252623,-0.09335595773515076,-2.3812177630558997,0.8986870177208133,-5.2244517716956596,9.533548545073396,6.538942939518674,-14.963769516224637,-28.420210808183914,-11.767452017851557,-22.671425842345492,48.67597851731701,-45.82300400010265,5.732515025412463,-47.70047563145454,10.038909589723886,1.2738120421679948,43.13595087462886,5.409442380910164,0.6367842736972205,0.0
-0.7398225600664703,-0.41482570889534937,0.747453165876928,0.9428014745288252,0.008032786325133628,-0.02069334404572813,-0.3326148515660909,-0.3599195332086432,0.1909362029354859,0.011806589227223108,0.17777513518779076,0.18324118921032392,-0.04478141450666391,-0.2427988441913448,-0.1038537978672862,0.0663550348925888,0.7140055598307363,-0.455737018161831,0.05013061317916575,-1.2933756516947386,-0.36894748306718406,-0.19141495223255664,0.06229242697087636,-0.08313216479584537,-1.2802648951029838,-0.23684239236054166,0.7476236684434698,-2.7218443605174185,-1.2786068153269907,-1.1235785622181778,-0.08783409550401722,0.35955034083403903,0.9417289087489094,0.4640475185337137,-2.330015600773641,-1.3504751060977993,3.860670625837817,-6.6044872582715435,2.1045036941076973,10.164140819992767,-28.182217683957553,16.866048932790086,-51.76699638048212,-6.474214672384825,69.81385401949639,54.795365655740575,14.966363722382967,-138.41622515170604,87.38604924443912,-430.5612635986824,194.351844125541,21.038395287120245,642.1858212810208,202.57585572059472,-533.3053396458445,0.0
-0.7656576260478705,-0.4222152940953718,0.7468571432331916,0.9394221390402174,0.005061948263411525,-0.021929454538604388,-0.3420226898679682,-0.37309206514769694,0.2062073047161482,-0.05427475984765529,0.18184585728448757,0.10442606147685153,-0.03929584546119388,-0.2616463150053407,-0.06301130380014945,0.06893386437833328,0.7135876190872885,-0.44781513862250444,0.05440883108680473,-1.261096518178067,-0.37883166726469925,0.0832541867883366,-0.3992386412363533,-0.47360201896949405,-0.6921381115527527,-0.577703348795806,0.7981421522624832,-2.920095876125231,0.7357816559943003,-4.234105264441012,0.5477827020009501,-0.9040261081330716,2.3846869292967763,-0.21675684846996657,0.3635056959964307,1.3491782918252815,-1.3002325120264255,4.814002309085049,-1.3209208448917305,11.200064153575461,-7.634822438949942,-32.27492604456716,37.31995002025435,26.54558757887519,1.2549422442735696,92.07575508352929,30.07828562061033,63.96797923210712,5.680667526538293,63.47474428542903,3.7149151088680696,-43.42538495282737,-42.24846804826674,76.71699390422067,-84.4981242528968,0.0
-0.7902155847020407,-0.4285965952481944,0.7495133712307421,0.937194499416524,0.0019165469558937165,-0.024845596874503755,-0.3479159286769248,-0.39352110732225004,0.21306790186758306,-0.06667328892118474,0.23655598982441794,0.013331191585904314,-0.028459716927712,-0.2820088917828336,-0.020682080113919473,0.06495588781553972,0.7182465070953674,-0.4111062371275818,0.02113532080418252,-1.189718893537305,-0.2770839594354678,0.17411761249919647,-0.016976893584194075,-0.3775666818528811,-0.5614070741957387,-0.8967196183608325,-0.27820968022997694,0.41083702766591423,3.065434671671611,-3.789945923218902,0.45782574572063794,-0.8567722595248389,1.7977856419495448,-0.18409540452499867,-0.15844200749062254,2.107690552438988,-1.7100660203356357,4.710310766899595,4.26635362445929,4.449307011498759,22.84923112572922,-1.4625831963328604,6.577602066364837,40.65981378493243,-83.9619345754612,57.74247501699163,-34.157141555474304,102.7556297591518,-10.85801483779385,29.861716700939994,-40.009628882515194,2.7324321093499937,-55.95117092213933,21.93930369708489,8.205527233192615,0.0
-0.8133637416188579,-0.4327996219259168,0.7530282638924,0.9348821075803988,0.00404121711036117,-0.02814772635560866,-0.35381749390230677,-0.41361698168105493,0.1908223254674053,-0.04186543852985785,0.314616788443654,-0.07263425335559957,-0.02526546185052768,-0.30205080720469707,0.006876179866987705,0.06614103354374393,0.7127067674294428,-0.36831519700980675,-0.009978373723149409,-1.1260628954379264,-0.16291738127530309,0.18103052848777992,0.5520385604502391,-0.17097465002866036,-0.7115595488869391,-0.7230173308413754,-1.885480188015387,1.4350434425916214,3.5284401749226744,-3.673719947146223,0.05238726232984954,-1.022308103241386,1.0424515826915348,0.2615046087230984,-0.439679361080893,2.1520473579878767,-1.3885903454259796,3.58221528771456,4.719300210215934,0.6751194085944343,26.502350981470236,5.876588162983848,-8.448584262245776,48.1018716081193,-88.61245612053881,-3.978281309904709,-92.48512549009224,89.91397725522647,-5.622184925541931,2.2503992913242024,-35.071138665840344,22.120687888803854,-20.143411497260487,0.8967180150929551,21.05777141859883,0.0
-0.8356376468444112,-0.43526225709890115,0.7561268436107079,0.9321305009841359,0.010256938443588368,-0.031101831659892654,-0.36063860084054933,-0.43230439527574827,0.14317022854772152,-0.010771697201906691,0.40029114025276413,-0.14502964072790756,-0.02203845470320639,-0.32477360635069896,0.024292940009144864,0.07310903145765088,0.7029796491512964,-0.32603724646412163,-0.03461280716534665,-1.0995089386593175,-0.09891274156534453,0.13879231175653742,0.750793925704057,-0.022773107810877376,-0.807524067243205,-0.7356572275466804,-2.773317401216324,1.5342012172946888,3.843614936509691,-2.968893983670757,0.13968795027622885,-1.1494934498157439,0.7598863636851382,0.43441774988018955,-0.5661215064334468,2.0916045565642527,-1.1076889290458516,1.6504284169400434,2.122161321404013,-1.6002660946440785,7.635339086192823,2.6473373387449914,-7.13295294410336,39.471874945933266,-40.84909095942672,-9.91043889277396,-100.57847334534989,78.36966255876307,-5.153194275801738,2.480190591308454,-9.33585274620282,9.419101570388962,-10.381865482411957,-2.0835267653775267,12.084685464272996,0.0
-0.8576516228238212,-0.4368919178345734,0.7581881917809188,0.9291234927342523,0.017167399038969623,-0.03317533520324373,-0.3678779862857989,-0.45352790090012124,0.08470788294115071,0.017615963003732776,0.4966556219327084,-0.20236196009426552,-0.017623264804298704,-0.34844557380094643,0.03994523005163671,0.0804601691458979,0.6900708361427085,-0.2846497282110085,-0.05561331850393313,-1.097205011019077,-0.07512277316410279,0.08085756417377223,0.6591308213543372,0.046405084249003116,-0.8310249029732779,-0.8993674128637168,-2.9948077950261296,1.3933697203883892,4.41663655099026,-2.293899876965243,0.18943187371391912,-1.1328746974848292,0.8213306628661661,0.3401640659712886,-0.752956134469763,2.066781099321714,-1.033217797369737,0.5117807534298676,0.21884023853327964,-2.171458021041354,-4.877642401464159,-1.4429160743158684,-4.457739246602204,39.21542830948975,-5.009015752655115,-3.124630865689382,-105.2104943328652,65.84277838712424,-5.744581203720468,9.53138332930895,5.843027923104438,-2.5574640364172447,-13.701039974765886,0.4726814157249605,-1.0303476551371065,0.0
-0.8797315578464698,-0.43828340620181333,0.7590380986838465,0.9259296573757572,0.02284322797449496,-0.034330566981859746,-0.3754382355307245,-0.47590648954039055,0.026302425529239816,0.041417566359115185,0.5996656130154405,-0.24897392416901334,-0.013926887005121496,-0.3705754490553874,0.05820125689386712,0.0847469000663737,0.6723796545909269,-0.24356754799041694,-0.07469040388649693,-1.1060724679979588,-0.07086192550310214,0.018653254999479264,0.4745469776783273,0.06895502381522656,-0.8704999931183199,-0.9097683213963867,-2.8020200196989387,1.170390857444784,4.639467146107439,-1.885571763686434,0.14898501512829063,-1.0341232837489376,0.9978955346329176,0.1476416525392377,-1.0018609772386415,2.0691811677779155,-0.9502987308236905,-0.14268272796411693,-0.47296590351535067,-2.3158431079191946,-7.818224692445675,-2.661719476607803,-4.752873080962351,42.531282419038526,15.87624853604495,1.3641722950411723,-112.74468330699939,53.3965521107799,-4.491380145006647,10.042810551345308,10.059590211921531,-5.965837270657339,-12.45114036430501,3.1789809352420497,-3.1744827912963127,0.0
-0.9020380155285843,-0.43968475511533,0.7588569463710844,0.9225956228640891,0.026891470280309738,-0.03476156986753783,-0.3832568313266338,-0.4942644362553771,-0.026374986357714156,0.06038379416319895,0.6942962869042081,-0.2890073779503066,-0.01101992487661809,-0.39044565146751337,0.08027547350064515,0.08569616904605591,0.6499789162642834,-0.20055774304774804,-0.09540202788408221,-1.1208639993973697,-0.07245858263134379,-0.026532281689283788,0.3066506412558893,0.07292107130764275,-0.8722442426331259,-0.6671041931483598,-2.446049505946535,0.9057414265009681,4.053167874926022,-1.677458196973749,0.12014152302971545,-0.9337014663308276,1.184523304288202,-0.008438360166615871,-1.2141631902823364,2.2272063640325768,-1.130644686022575,-0.5403437647544787,-0.4324175194167648,-1.8142015370653481,-5.957499850815764,-2.16885264611792,-1.2467161295813582,40.205841860922426,23.094599035392335,-0.10390777096808601,-111.43752351877394,41.98363503352971,-3.191595712895333,8.918997817264698,7.412154209970223,-5.69769964820513,-11.664582170393542,6.998075632506563,-5.578145490624111,0.0
-0.924586465178849,-0.44113626148914215,0.7579584597655525,0.9192732779552868,0.029753827582192558,-0.034974742103172515,-0.390932369593986,-0.5040331561052874,-0.07145424530468596,0.07552519231744292,0.7681173220122312,-0.3262371954638691,-0.009143483154427165,-0.4068501426398793,0.10468783238157181,0.08418826181622173,0.622121367834469,-0.1545132668263952,-0.11682325085300459,-1.1323897828082639,-0.07339879165438301,-0.05943375635603021,0.23050397243756265,0.039662695167255256,-0.8256613796485671,-0.22360513676384475,-2.0660275247879114,0.7168960871267719,3.0023811165888534,-1.618782844129313,0.07410591647731571,-0.7304538691926236,1.2337755672584483,-0.12400974624937289,-1.5152551742751625,2.351157685048124,-1.0640308927133633,-0.6095264435073422,-0.08001196169038954,-1.7706788041806325,-1.4780517351697602,-1.844812383080984,2.4866293719614565,33.29907726098016,22.61966005631217,-1.5277237469690688,-92.40170478867444,35.5548807014042,-2.0262976349398674,8.307929991695072,0.2225197810261334,-5.361382861194277,-10.589005607742365,4.093271926026393,-1.3246712735580073,0.0
-0.9473140703679822,-0.4426201416524124,0.756478509034999,0.9160808554529103,0.03202337742795085,-0.03560678509575949,-0.39812375767582225,-0.5024552129685381,-0.10906065903526778,0.08734041052588888,0.8163148541495235,-0.35941854150869434,-0.008278398328805513,-0.41826805010491264,0.12918467240344042,0.08110799065406231,0.587917351320804,-0.10665038691020254,-0.13596642932798625,-1.1400839342319176,-0.07392041548080967,-0.08997617658596856,0.22435364811484135,-0.03073622593865766,-0.7594673136191253,0.3384778027958216,-1.7106390730137502,0.5379432914831696,1.8233040267466236,-1.4426550682027277,0.030966913072524863,-0.46737649361245354,1.1995463547812752,-0.19039948680645005,-1.8279024030186375,2.3952065637937423,-1.011198483336834,-0.47253966126925473,0.14909429714194294,-2.2134665231449278,2.0362689651198047,-2.529339647139499,4.1412219589677,27.488938689678136,19.903598819784996,-3.2412874194031667,-66.43803878455697,29.85842588750545,-0.9694401209235692,8.140165683131968,-4.18833117068245,-4.564879900471058,-8.157165102459224,-2.3010783666058985,-11.670986330178767,0.0
-0.9701518327451936,-0.4441682489478092,0.7544108676193823,0.9130736971420339,0.03388337795744085,-0.0371479555279578,-0.40468304842884734,-0.4875920647463751,-0.1400813138296404,0.09504285869831107,0.8388862506431367,-0.38448420075917483,-0.00801479663645434,-0.4241486635530023,0.15256225292085399,0.07643519150133568,0.5481502877463234,-0.058458193443838936,-0.15173978582683437,-1.1460811273071267,-0.07765237004912325,-0.12087394080413062,0.2204810805885777,-0.134426786469149,-0.689934459505492,0.9950171220533721,-1.3864594772265704,0.3154128434956899,0.691543399662222,-1.0577035935638681,0.006799283871551044,-0.2504523738366346,1.139376716935463,-0.287460297827455,-1.9876726371731173,2.4266237046644523,-0.6713993762312405,-0.708591107436056,0.18680616108632042,-2.4489223488547065,0.7414691284180844,-2.246348653870934,3.8664756620956386,21.249327369733614,20.787916610000227,-4.198057039107892,-37.37586812964291,21.8956843929678,-0.3230093059206528,-3.4648834769761527,-3.105362889604476,-5.718740864780968,11.945337113657146,-2.034799957713676,22.641050860644004,0.0
-0.9930606739250372,-0.44587410239511044,0.7519527957984087,0.9103059615287898,0.03491664966577806,-0.03957027478178732,-0.4105582508426274,-0.45777839922989977,-0.16600870932715853,0.09674192124035576,0.8386630938295689,-0.3953670003654572,-0.009482619696377656,-0.4279359057532244,0.17148976188170467,0.06375787557444282,0.5099975715854441,-0.019332422079612555,-0.14625912634218224,-1.144902406673077,-0.08698648454958119,-0.13467075941189374,0.16323577611766424,-0.24864328793172497,-0.6170358117717457,1.763841005851939,-1.1872352994366941,-0.0013284353565384127,-0.27897262532089107,-0.3806553072305618,-0.0734528160152942,-0.17723237569416914,0.6381492161909055,-1.1376790662138456,-1.933061756680179,2.08131302058873,0.79783195438636,0.5498942500794128,0.4381999302734449,-2.3661513826255334,1.9921586221695526,-2.98164778072871,0.9859061489219205,21.116045609704763,10.017521310176434,-1.9167487697214303,-9.783578535065772,9.076748259254167,1.7006791677825375,-0.4024320291411376,-62.08686588713719,-90.09919855809865,-17.260904260337558,77.26698550971471,60.46673807216166,0.0
-1.0171991133244482,-0.4478638105828206,0.750216335938293,0.9080478091978019,0.033263461918883644,-0.039972877144840796,-0.41562589838099395,-0.42052714241182093,-0.16134566192744304,0.0959658557505306,0.7841453213963615,-0.3944560590900758,-0.005291154673488079,-0.441338985811305,0.18061666540199584,0.017420948685810407,0.49359133003207545,-0.07638220384191081,-0.13379601253830486,-1.2552399926598476,-0.11342135490746402,-0.0709982402156314,-0.42499641453912373,-0.05454499559768845,-0.4668661458984171,1.6245359301639914,1.1277442208421573,-0.4140359311170584,-2.896852401291964,1.202200808191557,0.16608628647368787,-0.7622309802310464,0.5249852192380599,-2.886902067905096,-0.7972155032671271,-4.0563013029236075,1.2357114903943534,-3.9701839621138872,-1.3967667927194896,-0.15316475971350496,-26.60626805087456,5.342461726003218,6.717241644715835,-38.65277569312828,48.86949229327525,-72.7505771297762,131.61660540748628,58.29746434834637,-42.22379155854958,10.704532362234383,20.705875622543388,-30.053608226950104,-41.783321872798204,5.1835375461307045,55.953268876880756,0.0
-1.0428501559395358,-0.450432903782416,0.7476220135816382,0.9055753454732505,0.028308564310617915,-0.03765206708086387,-0.42156166891952457,-0.3777273846142507,-0.13282342026215926,0.05723104542120645,0.6820767305107892,-0.342767030666798,0.01366304834252775,-0.4666218149701612,0.2022514698640796,-0.0323885747964401,0.5003210285322306,-0.18121305626117554,-0.0995267531244938,-1.308783966761979,-0.14198561828430073,-0.19582123845785876,-0.7000649518378455,0.005281938065942154,-0.6855434951041202,2.1319686174844885,1.860979853158475,-2.816598283781959,-5.36982563510734,2.3995977528868777,0.9769429820948428,-1.4402431109617186,1.5219217873849071,-2.205845128980898,0.6437244367002161,-5.238971937185114,1.9768037823461875,-3.054848977963803,-1.3753386038636668,-8.422825672195758,-15.305456243678384,3.9660222045316247,-1.09422259126527,-29.09609210204829,60.45556964901755,-64.46596612731254,65.82082366539052,-59.53576641445383,-13.393340710416306,-6.725401071280732,45.019224444733474,27.172525698124637,-0.6868928942700762,48.411007903571814,8.685803450873216,0.0
-1.0699909266578225,-0.45273069750984857,0.7431620232392527,0.9032576667081945,0.02324809663752059,-0.033992038059084594,-0.42711784659996416,-0.3665924208703506,-0.06636953552806354,0.053584590382227223,0.5962561336600016,-0.16274303386720523,0.04709272154569176,-0.5433803997629714,0.2304508719561576,-0.05586674398514223,0.6733847649485192,-0.24797929563632048,-0.10838289806379643,-1.3549185806115405,-0.09389252737243176,-0.17063795358941442,-0.4211771789867866,0.02184371983244727,-0.08418992870378572,-1.1062804628243015,2.7133846810895696,-0.2766817993877986,-0.7002683771601205,5.196233984087828,-0.5389154866871125,-3.8849991646603246,0.5763139920860122,-0.09806671003412791,11.009897506125057,-1.8042022106691347,-0.8792457144751031,2.542013465572805,0.7535284608041202,11.010629763294364,25.820937615804144,-20.228607523417686,62.012268538913226,-103.8573221780659,-135.06806161443217,-127.27906605772452,317.68726968145404,-726.8047846735437,-184.3246464999526,116.84901963291269,-133.78317778153155,51.05024027987676,-34.5249602900326,136.02338216641377,3.77907550010435,0.0
-1.0963280656946603,-0.45391397248246307,0.7422529158984298,0.9020905265591589,0.023121781394349866,-0.03412621278294064,-0.4295735870819636,-0.38949673018095593,-0.023658725411542538,0.05471063443791346,0.5935401685754451,-0.1263150195085357,0.02715602268904117,-0.5949464794038618,0.21158645068628334,-0.05970552817473158,0.863506369134748,-0.2669329719312523,-0.10700492731465518,-1.2930438786289051,-0.04958382216949162,0.05211321369608944,0.1990374420756875,-0.10411073232529242,-0.43972314637234794,-0.7281587799371272,1.9363434069843162,0.3752145106033708,-0.6177716224257427,0.8686368528354491,-1.063923629730878,-1.2414981837610184,-1.8874222517804673,-0.024040906306658866,7.509712992301599,-0.5574892522413277,0.19424637781673149,1.767036363450143,0.0008924582885184068,9.870011054294297,13.617092501005397,-9.022354454749783,-18.800752852134046,64.01643707530981,-1.7604766078531189,39.588766465569854,-94.39808648584234,-12.427891131530187,5.621406115537912,153.4386328923725,-82.7909768951566,31.25549563700147,-249.50750431618175,22.741002224755032,-3.745987048023127,0.0
-1.1222905156138963,-0.4546033292525398,0.743643473027203,0.9000400475636383,0.025651290629566333,-0.03520453998439119,-0.43362491214777954,-0.40554082660051954,0.013460166156755419,0.06543889579039505,0.5794556186851298,-0.11197148526340782,0.03283577485683425,-0.605167721462238,0.16615068087308088,-0.042696572802852883,0.9889130925799332,-0.30776883546416955,-0.07587847004303742,-1.3098360676661782,-0.03129364115037855,0.07958256779446722,0.2404249351607921,0.06846574338798511,-0.4569078332675152,-0.7763004015938271,1.9437172939629745,0.6638765035822569,-0.9329351523783779,0.8025833862496883,0.897727084371479,0.1659948151427541,-2.5236825726542245,1.33717748790361,4.807772839260876,-2.0627293557960344,1.5419079408067689,-1.8919920561556158,-0.2054729016542375,0.4812543614585955,-8.327972606019651,8.18149059160555,2.397265311452903,4.775419395317109,19.172330839403077,12.304756261255472,-29.241466130544357,17.004755224456897,40.80347901893289,74.90101948058347,-23.295840425219712,38.01655815033405,-176.90407528209784,34.22239352255373,-30.937232989557423,0.0
-1.1488771157725362,-0.45523794481741064,0.7447976703045943,0.8985057324575729,0.02782105166654915,-0.034425667547574715,-0.43672452557527947,-0.42099193899544624,0.055519920383032946,0.07937756800397396,0.5561742494227945,-0.09267956009469983,0.05390239089800074,-0.5937704790275466,0.10613015079007965,-0.012298072074734684,1.075980571289984,-0.37218908671860096,-0.04667004049413566,-1.3526835897201697,-0.038073413612542815,0.03642513885492364,0.020991404021543522,0.22055296599276386,-0.24777676680553093,-0.818621701882906,2.3082498836982004,0.6801746040558394,-1.2840734981586566,1.0998567223657298,1.1008928907789364,0.967784707459781,-3.2652106504503062,1.634023226226336,3.538985802569312,-2.999909143869653,1.2239082033597066,-3.1410046416808233,-1.098738342495911,-2.8336117865893624,-19.204656581082734,8.154704647101735,13.87234896113608,-10.498935956238384,26.72672705112018,-7.21896224687708,-6.634437416798514,15.814156134719735,0.0015397472415419333,45.878320195892165,-19.422612095008596,9.251519448567564,-110.07940990157766,59.48413469867217,-28.425370119783427,0.0
-1.176247024764891,-0.45633411565773213,0.7447454517279051,0.8975146104892996,0.02806963275588213,-0.03218047300701692,-0.4389123338802833,-0.4297097245968346,0.11074917761536944,0.10283976150413189,0.5137559207905517,-0.038912403679310696,0.07356412074537509,-0.5682903605658485,0.03394081782408741,0.022258932649383285,1.1388729015325862,-0.4438148658550629,-0.01961090064033047,-1.3906595841024791,-0.06945719296437222,-0.04401483685496181,-0.22515476223045963,0.21574573888503856,-0.1807079743399051,-0.42890180510324716,3.069974787853023,1.2601535140613458,-2.1699298777143277,2.642170593800088,0.5105851214600333,1.5147005694013065,-3.777831441720425,1.7541133169945407,2.5587026698614,-3.2009793599780543,1.1714378638558844,-2.7712689698900865,-0.7412667351953953,-4.398440770360202,-15.029094682157572,5.400458843119499,12.848813490783446,-28.523809857683023,-8.294380121858925,-59.58377372382749,48.72242395071163,-167.1042006617653,-94.01556380896098,22.421647525043642,-19.33285848711846,0.5325029225125418,-78.08162610700039,67.21909172408388,-25.964657395115168,0.0
-1.2037777406607912,-0.4579012706554963,0.7429026002754844,0.8965569634989348,0.027270555244796955,-0.030059200344045245,-0.4410650433812323,-0.4306062548474553,0.16640280312668126,0.1239922129900152,0.4585509083449163,0.025750160212594287,0.07772206064802581,-0.5244778873400345,-0.04198396229735222,0.06908625236530894,1.1331302317119323,-0.5089058283761215,0.017242311765974613,-1.3729138365747724,-0.07692345996335387,-0.15076437600526865,-0.12295234763845829,0.1467221295665641,-0.26812781960377985,-0.07292965973560783,2.5148671922051364,0.7613376583464176,-2.7048633671897733,3.069123020174205,0.07831181150687784,2.376287623528987,-3.8342248127401506,2.6106312661578053,-1.7541168722235965,-2.9410746398847887,1.674268138816607,-0.23031058669920396,0.4656734179288444,-8.089904749609637,3.807207072207793,3.243959907399418,-4.149680172711676,-18.52640673429007,-20.638498223880582,-22.330400881721793,23.716806995197313,9.961314158689149,34.21825319574863,-5.277856409072468,-0.6699916885190438,17.509520819553874,-95.88171085261061,46.98746219584944,-36.48770564912951,0.0
-1.230353989889184,-0.45871653353866887,0.7391609760432993,0.8956582412159636,0.029632480358443448,-0.029428922626059662,-0.4427777880187797,-0.45200209843314976,0.17427018603540556,0.08090620588083142,0.4607972363515027,-0.01426330932616323,0.03148948353024191,-0.4476018405137533,-0.10922491440488084,0.14601496328273234,0.9561759807762827,-0.518872952622187,0.0504457212680806,-1.2878440957035413,-0.007943456249277295,-0.2585760736067476,0.5203047755185443,0.16971955310534062,-0.32385516633980316,-1.287465595343807,-0.8616652452764079,-2.6047910725790175,1.655260375098035,-3.258880752095071,-1.9103091562204946,4.20224465805922,-3.1945173950025114,4.550784585080854,-11.573919710140544,-0.08791094095273935,1.3557194776908255,4.3714112057752255,4.020895717634796,-10.723034486081913,42.61832110556098,4.465488106688056,-23.567640744582334,10.104210521398498,-109.15279150967092,68.0776372267934,102.80521591351716,15.342175540886029,60.15690616653421,-28.378010828993233,-1.0005817999993232,49.11394121111192,-72.3589005847908,-4.039167755398329,-39.240794802419465,0.0
-1.2570685887542399,-0.4586399328490176,0.7339614898977584,0.8934594475023381,0.031808416550364725,-0.02784944107337516,-0.447149694103973,-0.49366872344255386,0.14637383287865166,0.004624730176437904,0.5464606787194755,-0.09368717649742561,0.004241903012442569,-0.41109891994055503,-0.13460906852697674,0.18483747428800765,0.7933477160658382,-0.39465294464066136,0.05594912254683487,-1.381209700092729,0.014468638504915695,-0.17394892326859274,-0.3584822096706365,0.23879574733619988,-0.9262246340917222,-1.8397055556509354,-1.1898758169988066,-3.2424516468190583,4.688145101330982,-3.454040311126417,-0.9445280155581082,-1.4979866393765673,1.4678239536705386,0.38886040342510253,-1.1352633340308125,3.33076142537949,0.5377767642171164,-1.3515531114264883,-0.4316382728368067,13.493999368532618,-47.338621512193406,-13.748420279841024,-31.337543323526972,85.23490571580786,9.813112459180198,88.27382712513823,-67.32098072986177,94.77199800150908,28.277867815539224,-199.50941694220066,245.05541029985622,-53.664417126046104,495.9217701934971,-337.21983695072316,-110.6986484155471,0.0
-1.2846023289318798,-0.4577986342116033,0.7322085277525223,0.8898241191643406,0.027490938871565024,-0.022331496833646585,-0.4549270155558302,-0.5333534958959899,0.11586825655877775,-0.037641794742906166,0.6728893211676669,-0.20137245684212224,-0.006476451831691422,-0.4609841599513229,-0.08410291365541107,0.18011750715800673,0.8161472109649808,-0.3586570957961013,0.04824487413017179,-1.3518290110651743,0.04918956892285974,-0.00841953196974362,-0.7936426549692569,0.17269230655931875,-0.7540098826038582,-1.4683938992320156,-1.9444428587598626,-1.1866126723048191,5.970231033475538,-4.861151153994025,-0.3916856074446198,-2.40417297647448,2.841355383657469,-0.6608846836035394,1.3673805719840009,1.475354679032951,-0.8526111662592725,3.7009638314187776,-0.05217705793552957,8.904479329652755,-12.509254026893073,-15.710190246412344,14.653262793274367,88.75642108708618,-54.17499181884857,94.72547139208268,-123.33735946590272,111.96856444738039,9.195655014307446,57.89231714353921,5.665066390820056,-43.13374563588774,-62.858113612628266,12.783694982090184,-35.96479801143002,0.0
-1.3103830356359814,-0.45597850972231524,0.7330799361994297,0.8868680271168432,0.022469018854908984,-0.018306508233559973,-0.4611129117969604,-0.5568138152349238,0.05736768391712899,-0.03842594383261233,0.8017311373684503,-0.3055642775540556,-0.02576669779381914,-0.5010988867529101,-0.03353745598898405,0.16593598031666895,0.8301928516710793,-0.32384086819218255,0.03266512992249865,-1.2377793198552516,0.11731298941367627,0.08915637711410469,-0.5051586840805522,0.025742705644744016,-0.6497367353832021,-0.5953619846155883,-3.6975537159080445,0.8265286995478524,5.6664744879499045,-4.437255444900522,-0.9461875786155772,-1.5532563839305653,2.2478399976385264,-0.7200503830898097,-0.025969452350403627,2.022991091625129,-0.8009830957229837,5.414053679561417,2.428961116075955,4.8629051259546925,13.152689468547878,-9.75058816057697,1.9828890010415572,78.56323028564843,-81.36133309201635,85.76544806929736,-145.1672625305649,106.91983832589106,14.69705843872628,54.09236927726876,-29.56903722753182,1.010944918852657,-85.99683662438075,32.6696313798611,-6.0372031832433315,0.0
-1.3345523862915352,-0.45324469142202944,0.7353641419185428,0.8842156074603326,0.018225901838579122,-0.01633227830313332,-0.46643738348373803,-0.5565430626901737,-0.020430920271979368,-0.0040471281133581255,0.8843947562716298,-0.3736519515241312,-0.023768563885259598,-0.5238607468900046,0.006360422913560789,0.14770981524853619,0.8151462062461938,-0.2759005812028164,0.015254832332450752,-1.1902300387935216,0.15053495383051377,0.12739491924754018,-0.4669251607309904,-0.08020974162103228,-0.5467315375239821,0.4753860440115414,-4.040641634706449,2.1906830162306545,2.8566446051589773,-2.728187576350233,0.23855436876790817,-0.8347871898266402,1.8361856086515203,-1.0582789805326294,-1.282640957290091,2.6530011922085586,-0.9523536383988274,1.4903936613912907,1.4202716175435735,0.7045776736584011,-1.8042540717889777,-3.683279542675242,4.45776587749671,45.128199548198026,-14.474457389713283,34.11351419198674,-134.32567232890523,62.70111708813631,-4.761745115100324,28.61360172948253,-13.76197278989318,-17.207497566797322,-51.28264602126291,25.367436599176305,-9.822303299135047,0.0
-1.3582387427987372,-0.4499848451419201,0.7379076948648454,0.8811301990634554,0.013553768647417074,-0.01472898091972634,-0.4724499177425221,-0.5360546806206682,-0.09646398555459508,0.03957687837905086,0.912134871681569,-0.39955829342723365,-0.007867656082157509,-0.5356834379223536,0.0437168324614123,0.12742811226046502,0.7784788992243856,-0.21748117065218212,-0.005045430491665592,-1.186233099075106,0.17361508595757716,0.11570136856592964,-0.534246897650697,-0.08074179123785885,-0.7467180094059402,1.3126296535160709,-3.5655189569009558,2.0685480488864503,0.5916776528736385,-0.8456960622452092,0.7624465443968677,-0.4729238902487156,1.8976303658790077,-1.054752034401554,-2.172374667681756,3.1177054844202536,-1.0811483191125983,-0.7512338735208012,1.2438820532284494,-2.184360413785187,-6.0217065826252885,3.0484029343123296,-6.041028318706286,19.43430159233636,29.515039592874835,-18.93361201916411,-58.44748688749649,22.750853456732777,-16.22634248832381,6.508558532023836,3.0413473868616077,-10.235303458672366,-29.034654775403826,20.13545389474665,-7.695973878673977,0.0
-1.382052928886027,-0.44641854368731504,0.7397337831542306,0.8775706199532696,0.008071653561520198,-0.012424955101335589,-0.4792184010389707,-0.5038615283829655,-0.1632533761181388,0.07139728160075223,0.9113112724826692,-0.4041901483764264,0.013426117846366515,-0.5379961949823137,0.08209752561793861,0.10694023419379695,0.7212539911279642,-0.1576596668173164,-0.023180774207221214,-1.1998359886642593,0.18482580366985446,0.05761473223529044,-0.645217350271317,-0.032612603447214464,-0.7486886381783143,1.7036773025828431,-3.084025636428804,1.2674876182673627,-0.21976526834987298,-0.06035489459742299,0.9602135178212824,0.05794290487106036,1.919922341785532,-1.0539432813009442,-3.2868816302038817,2.9164434662068177,-0.8234901609577726,-1.9753419056897203,1.3653512297092445,-4.226726187330179,-6.8487703529929975,8.791161548569013,-0.7286369764909187,-2.6564043654492533,40.02446109051011,-26.963769456796992,0.823963492627618,7.670096884743939,-20.267367126744322,-19.497798824214616,13.188390933849135,8.109571732372258,8.864297845813592,37.754300512334225,21.92755110128943,0.0
-1.4063097030045055,-0.44303436473887986,0.7404358971862596,0.8739854371811745,0.0008959384652200174,-0.009142090487111697,-0.48586528490006803,-0.45049743013457977,-0.2195473345060719,0.07242185049614899,0.8561701833746598,-0.3564383022176576,0.0277880353186194,-0.5343386544292191,0.12147541649191357,0.08185403066960259,0.6513116879060477,-0.09567057406760901,-0.03144434593002975,-1.2340446395005154,0.16248639016405145,-0.007730437154650171,-0.9385323131221072,-0.03906274271298116,-0.7237449586973105,3.008757804018635,-2.366329963226233,-0.6334233754045671,-3.4483377610996513,2.4887763780828016,0.5889653375838537,0.06992771136084691,2.019065885779662,-1.5480808230050687,-3.4322638313366527,3.2318169888510813,-0.6329201276165031,-2.8670075815750056,-0.19523357329001015,-6.447382490098087,-16.15194011536789,6.63234765189735,5.450446301358993,7.31535760317046,63.26026716081317,-49.99137896600296,11.828252084405937,-50.586155648232584,-11.595491541695258,-24.551615463424508,-0.28670431485840636,-39.9535807446832,21.231608358696647,-10.486136659341273,2.523524753335085,0.0
-1.431811335550168,-0.44033691500294875,0.7389085666499567,0.8695777773929426,-0.009518877239463907,-0.0038315501713191585,-0.49368937527937057,-0.36808807549161715,-0.22936648987396588,0.06886841084883576,0.7098503033780997,-0.29873289406427667,0.0434349842540505,-0.5466198863527105,0.16249548837441494,0.03891104919171144,0.6216940224694346,-0.07593960122192711,-0.03453919979667488,-1.331096445086739,0.1265587777341585,-0.134189998218942,-1.3900048129399494,0.049417507155101376,-0.7616857063266029,3.9687429073742244,1.148479690801687,-0.2538886898478696,-7.818730092572701,-3.8663587974353524,3.1104439269132085,-1.0502489851673618,2.0381033049717585,-2.437518715135875,-0.37665665392173425,0.20713857251060308,0.16627021246009183,-7.539065070507523,0.7144861813950301,-5.235161066863197,-20.332242773001216,19.493461238038073,35.69227780120995,-91.87222587907377,187.58829971310178,-35.45502103952568,91.38229296800563,-709.4267093703934,181.59814964350642,-41.92268547440501,-9.698507498599717,-5.578983327479973,80.09737893100358,-28.33980283127232,13.018279074571923,0.0
-1.4584414302941238,-0.4359815879846935,0.7381148247555891,0.866356042880932,-0.015673385202438286,0.003063843341142801,-0.499171478375888,-0.3558115000068982,-0.18981644525380154,0.07759356278481258,0.64224052323481,-0.3180827843508996,0.17775274390339268,-0.5816224628207705,0.18379514017041748,-0.0029637115203139048,0.6553219349772551,-0.09619669735811742,-0.02409931472006311,-1.2965050535631206,0.2860710950720148,0.07587567139846643,-0.34798159194472134,0.3862672695177423,-0.5732305125514829,-1.6315651918503193,1.9803769474016906,0.40164513038254174,-0.014821025606286065,0.8115625650456317,3.0439844353239707,-1.770396683216387,0.1831651099860102,-1.4791881085485137,2.261481946890887,-1.0082985173565564,0.5127102833005573,5.772970098338614,4.297865690760777,12.338913627689905,53.28487545714808,-7.215217058338093,-10.206572805298478,-98.88856856709553,-7.413144748016958,23.100836950826707,162.7103693456353,101.13409207686854,-445.7948722550828,41.59880535080741,-71.99499948613037,93.824818741764,4.060804759885169,26.922393243667308,-10.41057757246333,0.0
-1.4835283593587374,-0.4294920450555241,0.7405497250391803,0.863714359115025,-0.013272474875927576,0.0061098640035236185,-0.5037698053983058,-0.39921872340560527,-0.15564153697133726,0.08623246214850078,0.6562265042185372,-0.2882151234315853,0.1910256501574398,-0.6108011359990329,0.1726585598800594,-0.0244400123815884,0.7001246878061647,-0.12364960600229118,-0.02178685401687562,-1.2182144062358329,0.3392669963324812,0.1516101485739872,0.3182898373804022,0.3255087543319871,-0.5471917742745495,-2.0447417371750882,1.4835887135198678,0.46757080673501145,0.4778170244706423,1.930550101660968,-0.3981885673319292,-1.017197870150238,-0.9414444948104066,-0.5538887734901556,1.8867363256499756,-1.233290771124457,0.02155220382023243,3.871905041243588,0.6794009170577217,2.5886151449178674,24.55003054288936,-11.15285019769457,-5.321293515697137,42.690308791713775,-24.027029516238223,3.066390992077194,-63.9110535310678,38.554489151542064,-67.16399916967444,57.5242631037778,-29.55523780370462,63.27361993539175,-54.849477509297124,26.87714418937074,-3.843037712680862,0.0
-1.5076902886946153,-0.4226069890275695,0.7434682529326321,0.8608775516941882,-0.00860452007242233,0.006789836806532267,-0.5086941137260026,-0.43604994234227246,-0.12723913192364367,0.09335360704841282,0.6586693708890484,-0.24704194505747643,0.17649800515462558,-0.6263174203341666,0.1504937061260668,-0.03664868281365677,0.739169864744226,-0.16652062896197253,-0.025360504814164395,-1.2028724959774428,0.3434570960187033,0.14093961149590725,0.3777151784756091,0.265007846605358,-0.5849889521805101,-1.6097433129329333,1.3990738987231215,0.2600652956649797,-0.22516995244255505,2.1220427291855732,-0.9108500186771269,-0.4750899261928584,-1.0967517472592283,-0.45937995836679063,1.6619037074179621,-2.0210634689827507,-0.1840643010001346,0.3259825164147582,-0.3599431839511793,-0.7000282360222295,-0.9902106406021562,-5.091265551972478,-2.258867004849185,27.643123535924698,-0.4195469944813036,-10.952658142591403,-38.41884467134782,3.9626997640918775,-15.113953012386624,38.07683664380298,10.027877587929439,26.642573734928707,-47.73489156059518,39.4543842484149,3.450079953260945,0.0
-1.5316901481214587,-0.4158535192083071,0.7462148481262042,0.857698346673982,-0.004728625946931614,0.00653596167756987,-0.5140899409775685,-0.4612627185064426,-0.09861961114587832,0.09671203771686745,0.6454897965687737,-0.2038470268681314,0.1556114602129831,-0.6304094023665674,0.12703972968220484,-0.047936330227973264,0.778597314394015,-0.2115933526186033,-0.03211918172244135,-1.2023859014881886,0.33080813776493057,0.13389213728329666,0.29254128231727444,0.11517188455535482,-0.6513325421838884,-1.0135405325228168,1.4895446975197313,0.07475947383615816,-0.9349696451556005,2.1693872981845126,-1.1388358054799659,0.10425684718539348,-1.096786035071272,-0.46350024634042813,1.8423592677056457,-1.9479890562056912,-0.3124765354098521,-0.6172753636879258,-0.861318544847354,-0.5582087904530906,-8.116418227477952,-7.1014881500927585,-2.8649370363000215,23.591067003098985,9.045479677879202,-10.757658007455708,-23.772627060949915,-0.08428246493904885,-9.467315415364107,38.334913276298174,17.060356405005358,21.249089057524813,-34.84966701390247,45.88315174145455,6.439594532464221,0.0
-1.5557371433687073,-0.40933307113279516,0.7487933899787143,0.8540849267260782,-0.0023143099594660466,0.005439411603119211,-0.52009998530103,-0.475586470595077,-0.0678310510133637,0.09773254730481025,0.6198642513748351,-0.15919087581118824,0.1314381118100779,-0.6227261197938565,0.10505779574338904,-0.05338625134182013,0.8212495671108991,-0.25427287410243177,-0.03609866177258128,-1.207444027638386,0.3208844908058629,0.12279668762023059,0.20958908410085084,-0.021186218636347773,-0.7292474456370062,-0.5327096309961642,1.610652309950267,-0.0014351806013373943,-1.4681989223010479,2.2520402056664337,-1.2476423475145046,0.6849368564286533,-1.0275905074608638,-0.09128297797385654,1.9917391564502123,-1.8325834245028434,-0.15529157854118106,-0.9529176622806159,-0.6118765424624755,-0.9857380129130798,-8.649877296768828,-5.343701812138141,-2.278226510187614,15.068302116396445,9.926296147428895,-8.2213207016852,-12.717336079295826,-0.9547776819625611,-3.2913981943224826,36.336218630389055,11.740700755136068,18.40310437990522,-36.12758971780831,44.13711620329191,3.090810885191286,0.0
-1.5799156161383274,-0.4029514157317787,0.7510478415237651,0.850176332540858,-0.0011034695984953522,0.0036940783212503657,-0.5264839406169735,-0.481491230797501,-0.03518161756566148,0.09759910046270533,0.5846109544809648,-0.11254768301615582,0.10558617428351612,-0.6034438980032794,0.08323408696247371,-0.05034101318138649,0.8640898643729912,-0.2962087730923322,-0.03719635433496374,-1.2155544640117009,0.3168132960943917,0.09987250553835254,0.14840550466860122,-0.11910630703330426,-0.7561542488435972,-0.16852610455462907,1.68876868518133,-0.04807078915369384,-1.9025570195024288,2.339693249710326,-1.356068569786631,1.231460362463942,-1.0795423125002295,0.3306192550632036,1.9522150439133377,-1.8265129699987963,-0.01998517054571863,-1.1347362675164872,-0.24563344211243102,-1.9200001816224248,-8.032215138426142,-2.7111498299664167,-0.12614847178755118,7.710302806480894,7.721133728193236,-8.200947398968285,-6.559655391381155,-6.047907420162649,-2.061645140611464,30.250941454054974,5.164887442337242,16.717556187710592,-37.462902090056104,42.515328609786394,1.6095972308553876,0.0
-1.6042426142265034,-0.3965796233034677,0.7527897453511636,0.846134795034428,-0.0005933299159145104,0.0014407308219814305,-0.5329666789644121,-0.48030432351415087,-0.002083300679059997,0.09674625841656032,0.5399016503497552,-0.06427594277749522,0.07837839444025022,-0.5739177801418913,0.05840272775472252,-0.03929400212421696,0.9037834416578308,-0.33735063859779807,-0.036931079482296666,-1.2234414663856723,0.3214165799191907,0.07162099665711778,0.13985821258650027,-0.17245636135482822,-0.7536887495904632,0.09672184247832746,1.6508237767573615,-0.07538637284809595,-2.286653779404436,2.407737027957209,-1.0659881956855646,1.6746054407070696,-1.3233895169840733,0.6870859870652302,1.7691649791459705,-1.792914833787586,0.012192925953607818,-1.2946004296696563,0.40518355138976275,-2.2210401071661785,-5.50289978290319,0.8840277988269951,2.106146252996133,-6.194621847916782,2.1404283029172517,-6.639252406145792,8.728527922093658,-3.870659922299416,42.803972110671346,20.206872562517393,-4.8202706280114525,11.084217913844244,-36.358296702966285,41.17881105350999,-0.4500481033539948,0.0
-1.6287713145747345,-0.3900948180031835,0.7539721793280014,0.8419957368072906,-0.0002852254104868876,-0.0012181200176928687,-0.5394827282021494,-0.47402052905349473,0.030203341028380744,0.09576804662862995,0.48734959098961755,-0.012820801551556876,0.055962888489402264,-0.5359091296286717,0.028347270283521697,-0.021189928822495055,0.9351776833107212,-0.37578732287974936,-0.034244613485383726,-1.2357280192080247,0.32873801072600256,0.04077569698366977,0.15322573404907047,-0.20562381338053345,-0.7750194520167222,0.32080017906390673,1.6158927683685789,-0.058633187946822186,-2.6540577150354707,2.6027033941086883,-0.8115252356784993,2.0306329116276456,-1.5983037208989137,1.015504834990841,1.3112492348227687,-1.6720371061571164,0.1257782279441994,-1.5747270876063901,0.6275720142172285,-2.7679270616857248,-4.828676422033782,2.4925590032130898,0.15517046628385767,-10.728045789729997,3.5315467684448043,-4.001301613937057,13.152618209121735,-3.0759395354231693,46.56588744529934,9.368040791759327,-5.766868115070411,7.184120062718817,-32.09446573681069,37.123165456367595,-3.687994028630971,0.0
-1.6536395900760958,-0.38351865094386783,0.7544420697959657,0.8375746213600981,-0.00017859912282190677,-0.004166789590675537,-0.5463070195598323,-0.46311868558756825,0.06236585746266863,0.09496266919833259,0.42749926932803556,0.04236587753764534,0.03764319391519685,-0.49112427886145943,-0.005799020530181227,0.0024637646327031015,0.9523182941927886,-0.4096118964833456,-0.02756886225678349,-1.2566141823662447,0.33270257864239366,-0.0016876840793178752,0.14343737465901707,-0.23580855117711347,-0.8352442197300952,0.5238808589607639,1.635719991942937,-0.049165409618051874,-2.969711083542594,2.7529228228988263,-0.611934701235489,2.2917993127071177,-1.7529785012762549,1.23856237258305,0.5818443772783677,-1.4710162585245132,0.31087052570338725,-2.0104913415105754,0.6736386574086021,-3.6987707368226346,-5.547477363720263,3.5127725228398936,-2.197044683633285,-15.990923126198194,6.66027588909316,-3.6803699417420805,21.723854884136102,-9.019978273299909,46.27614161763525,-3.176696576135491,-0.6194625877538247,0.5503401423611198,-22.110458396083754,30.883066105306522,-7.416632037456294,0.0
-1.679031979258017,-0.37694786521960605,0.7538929974427133,0.8327464103586949,-0.0005299710087745375,-0.007241309931232541,-0.5536069892946764,-0.44858063161267914,0.09532085326633614,0.09348929982679915,0.3626251260490189,0.09941892358039542,0.023600575066119206,-0.4415049894827036,-0.04070252209406092,0.028582016388986733,0.9505629316669961,-0.4383403177290114,-0.01596875034371701,-1.2872629168170697,0.32974660573522246,-0.06295006944134576,0.09614185788550055,-0.27319686670188037,-0.9070591461725671,0.6825878876616982,1.7386608800979046,-0.022973173821217815,-3.1778163868336455,2.9855780713213473,-0.26198629142289204,2.457599422244396,-1.6924944639086485,1.28563023990392,-0.32903688893925254,-1.263576886721078,0.5329783405803714,-2.6651162107245714,-0.18955961420482775,-5.656960881366587,-10.142148313613877,1.4567005894240843,-5.674568805575033,-8.593864956046987,35.35227530031045,42.39959546948235,6.052818536021981,98.86687055347146,132.15392894915914,-12.546148958094028,16.773711692629295,-6.30893732239063,-3.9950025766286026,22.83930853531613,-12.056152590361165,0.0
-1.7050589461832013,-0.3704231008473295,0.7519968410962126,0.8274967106345399,-0.0013388822644162892,-0.010311274534833001,-0.5613742770209238,-0.4334375111236677,0.12731750675939882,0.08546707906197479,0.29850304548646955,0.1490583210645351,0.0069379926527726055,-0.3886247252445638,-0.07236888566750711,0.05415781566968514,0.9236746085484808,-0.4615063982961594,-0.0009603398462177581,-1.3188817947259213,0.33423038709412883,-0.13118318650209027,0.10101827699654778,-0.26788591752751756,-0.9649823874354881,0.5693813499594305,1.525874147990239,-0.6385560529272026,-2.8964751251998004,1.943155141126078,-0.8222672094253825,2.5132125193196537,-1.5046643765118812,1.2074109183162856,-1.5973968571894366,-1.0315988550751667,0.6723018983919271,-2.3665250366772357,1.609271534591981,-4.71022795361117,0.5982619170355641,8.093369579998734,-4.135306632508965,-35.183360019606916,-4.94668660570882,-22.550694210217987,51.60565166969719,-63.26361086948728,19.68308711035885,-33.85996105902601,8.965062714721974,-11.896416371799365,10.66671479638896,16.262162013992018,-14.791997280010662,0.0
-1.7316450517814532,-0.3636111585130216,0.7489753570540406,0.8221582045635594,-0.0011780987591931867,-0.01355739997960849,-0.5690963852089819,-0.4252461003336161,0.14939530404287316,0.05624648019236699,0.24856178175021867,0.15832493666720587,-0.02637679335942093,-0.3323598211029475,-0.09974427610595585,0.07914697125050041,0.8561629905286248,-0.4713410771536205,0.012276779879441325,-1.3435601240268074,0.3566909564079373,-0.1822826466922357,0.275212607348388,-0.2023168928747331,-0.9791177923836856,0.1750221842721823,0.9428653410630271,-1.6704369503398244,-2.1294906828914595,-0.16629436317106305,-1.4318973185691517,2.6233294278006967,-1.2693931921766413,1.2413075548037056,-3.7187916371901997,-0.3966328275534518,0.5549551332906113,-1.9715181359193907,2.473576764261015,-4.412431483575951,10.709913282276093,10.405338204532743,-9.23319482280936,-31.034481589358624,-5.4931645503270286,2.8471314225204436,42.776767763082276,-45.317617585121,49.42398872288676,-50.21411976182838,10.101809640142672,-5.599963602944534,35.52516667266055,-0.119619571503356,-13.583141304814879,0.0
-1.7586037331240776,-0.3564234344238999,0.7451845975324699,0.8177880156469118,0.0005353745079547234,-0.017674595734520324,-0.5752478452841373,-0.43212049629740973,0.15587666531900413,-0.0008756220534077205,0.23056712613317387,0.11336459113269522,-0.05599959947361058,-0.26514006671331264,-0.11893507643968164,0.10038767781553032,0.7135340632673675,-0.43301783515403786,0.03213407599799745,-1.3736661527336342,0.3883628781829541,-0.17858520922405677,0.33323817339382567,-0.15212151218190503,-0.906201595107349,-0.6439692814716419,0.4184389741821077,-2.8657861311084005,-0.378079324947267,-3.1292420987602783,-0.7262757856594092,1.8784724017867003,-0.0496812161655133,0.843989308632303,-5.571657615346605,-0.026815981483725992,6.408966337313185,-4.423777970439057,6.0799024723740525,7.831115941298273,-24.905900648770285,21.15927051373081,-52.433312455519214,-13.753069811052304,67.84242777893512,55.05564694301537,11.065130514081698,-103.15584755377539,103.42102611377477,-439.66082010077014,157.90592611470726,-62.84319851068411,680.7169685410049,156.378777687901,904.979258144131,0.0
-1.7863695363886136,-0.34807067861478014,0.7450157919332523,0.813137256835294,-0.0012387208169947486,-0.017823286464201716,-0.5817977290920993,-0.45711677878882595,0.16979959269448416,-0.05524078679631572,0.2566217283295689,0.03519367327993421,-0.04205092796495468,-0.27940028630670904,-0.08525809506221194,0.10382114668350532,0.6932649938702906,-0.41647793225653523,0.06799784551957129,-1.3674030371294055,0.4061198803693074,0.1139635904235555,-0.4015076002367814,-0.2929046138989192,-0.562876196296313,-1.1121605299653186,0.7695046763274321,-1.4938393849672988,2.0953466980900544,-3.80096611845667,0.9087648155717107,-1.197156116547672,2.3478993754330535,-0.29078590752287625,0.2899443987968599,1.4231376986657998,-0.44014065223616555,4.273887225966239,-3.1742502779472876,12.106937699511414,-18.060276148690743,-29.085311962215428,36.61262705972598,53.55508668983862,-16.18160295892825,172.7714791751806,35.65742687377943,59.12727267635143,-16.422006366574745,40.177852649779965,23.194820704626764,-54.13171394036638,2.224036318057748,62.93899738560768,-135.38466898118355,0.0
-1.812515541508032,-0.3391153917613499,0.7480124328661919,0.8092651317984978,-0.0035506207662816935,-0.017887693892410874,-0.5871604294863062,-0.48323323581515204,0.17590555567370605,-0.05117832237594448,0.32387660187006495,-0.04787780637873282,-0.030446731546322797,-0.31208659039029757,-0.04102237341818349,0.1012939450655255,0.7047844290397879,-0.3806797002789485,0.046195261548453104,-1.2518984472786647,0.46913693785701754,0.18111360831558357,0.008480776840723021,-0.09089200710798223,-0.6887258663386145,-1.033475103014785,-0.3383335816143435,0.8239802081442817,3.2835119848497594,-3.5007460084807542,0.43293206224270464,-1.6209904352312914,1.949246631066588,-0.03970485281769141,0.3222100663597211,2.0571295291650444,-1.3122018608432304,6.343463108241251,1.7217045833920746,3.3783472742073313,24.08016474408632,2.7547733548625786,-0.5322532660363278,52.123086902038764,-86.37377810968381,23.915663975243923,-65.82297964306466,89.7068724369013,-12.052829160349486,20.138836539838493,-36.7526968907381,7.226505956272187,-51.66987624577817,25.922266319904153,-7.286033020158274,0.0
-1.8363915087575442,-0.32902126756106626,0.7512178180552159,0.8049887063342414,-0.000915513764326309,-0.019611523087447544,-0.5929652035921351,-0.5066024474793944,0.1546797950830513,-0.020058116432691696,0.4087396135008803,-0.12456399785045957,-0.02820069291460305,-0.3470053058036117,-0.009674214610566827,0.10410984272937424,0.7100538256180711,-0.33912632131726894,0.019850162125060432,-1.1448216495228982,0.524154585309763,0.1504252342783388,0.5420558884899914,0.04606457151411638,-0.7562561511590601,-0.8755967114258516,-1.7746440904956537,1.687186301371757,3.885592214680433,-3.2253384471348796,0.02222239598371112,-1.714498954213461,1.2429732355969545,0.2813688147959537,0.09946574842668104,2.087045815850887,-1.2502388127097137,5.32879718934747,1.6044823490554998,-0.7838704444844949,25.427591323970795,1.4346617529434347,-3.1825848314641823,51.82986935641865,-83.8858791394381,-9.780278402249937,-96.55398982423701,82.84983931666045,-4.267433176260276,9.918487450468785,-34.8724923271063,15.046125605876771,-22.579675704351704,0.2516537331402523,11.307445162969149,0.0
-1.858674051633154,-0.31830973389782585,0.7536607320573337,0.8002295012911622,0.0044215612869553484,-0.02288090707888336,-0.5992409024343472,-0.5242343885387265,0.1093194558443802,0.0054580298903408545,0.4999124092981321,-0.18800684466377846,-0.02665890333059339,-0.3789633546147068,0.012799570761547883,0.11031058712510376,0.7075279376413907,-0.29714957625995875,-0.0032361575284421667,-1.090636585194958,0.5379781925436647,0.10525993372253713,0.662973539108179,0.013705767268417489,-0.8537246622086296,-0.5484588805862791,-2.5762135581693286,1.1366682838865296,4.084500400511593,-2.5904010891575178,0.06284619093269302,-1.4498747488060661,1.0484353269202087,0.35448224659686217,-0.3326990078206571,2.11834950560221,-1.0705093935279302,2.3393446472712327,-0.08968173401332154,-1.6289004353435137,4.741395323395607,-4.704994974526176,-6.9377748690481305,52.382813809257335,-27.580607000279677,-6.314310960513493,-102.89049999357347,69.66546613245355,-2.9931873821606128,18.173617877101055,-6.003499895476988,5.286923471526336,-22.47602869355389,2.1127923778913047,7.884462663796131,0.0
-1.8802977453628749,-0.30745360025046337,0.7552209599839405,0.7949906746122547,0.009419094972864034,-0.026317796600230273,-0.6059772945511682,-0.5373713854296854,0.05598999684278274,0.02419746324738896,0.5964676993547521,-0.23830764981625227,-0.02151800317908257,-0.4049288619563448,0.03431479956202481,0.11546984462010158,0.6952856349282569,-0.2532861319511898,-0.02271878325550668,-1.074719787601634,0.5413962269235167,0.06154521114578658,0.5450433473757321,-0.01729097915517181,-0.8907790787679151,-0.40325166343838914,-2.6632196538795108,0.9517111108018673,4.393716770750656,-2.01982657371957,0.24494870183333872,-1.1376618720779383,1.1082524885397922,0.2011961541854854,-0.8462110535598051,2.2297930475052863,-0.9585591247594485,0.5253776578744902,-0.40016747613601833,-1.62264425437076,-5.065187624235915,-3.889233022899671,-3.744785005356181,44.773914811854674,4.558506233707168,7.322604232989466,-101.44532513542042,57.71852188551862,-5.778658525200286,18.75143376836087,4.7559547269375475,-6.152269266944714,-24.463295231375415,-0.049778382325214365,-10.242028282774836,0.0
-1.9018057850334424,-0.29651792386816955,0.7559419011786115,0.789511099046027,0.013224689040826134,-0.028949942381661438,-0.6129104607681343,-0.5468344588592843,0.005345917138825819,0.041834037088208084,0.6926615653407744,-0.2802606779802797,-0.015240555093817474,-0.4251462210803082,0.057779265005389546,0.11698461649806577,0.6726931848057686,-0.20778232107224429,-0.042916057236692826,-1.076157677190595,0.5484343797493685,0.019843116969904588,0.39126678829736344,0.001171345776989895,-0.9049365125061705,-0.25620350632279687,-2.391568132316501,0.9246241759494345,4.279845144315918,-1.72543598831693,0.27522975480570716,-0.9019739060814537,1.2181392611263466,0.0015790713470333704,-1.3384184892455504,2.341118420054345,-1.0631120105412586,-0.17913945256895472,0.11627525641926713,-1.7021364727205972,-5.244357542398893,-0.14020546455047458,-1.680635462848146,36.53144707071442,16.933437251620127,6.476183832727396,-102.18434545588359,46.84840793660315,-6.509194245700277,10.669248603981213,4.368224826067294,-7.102596714021684,-19.779835281719325,8.860707581066091,-6.4013217610321185,0.0
-1.923358573074757,-0.2854361755562434,0.7559510117361394,0.78397785447517,0.016222502484309363,-0.030816577335639538,-0.6198111750097542,-0.5497906038820994,-0.03930519571601074,0.05856459195198371,0.7744000467000179,-0.3183575373144723,-0.010672380848121313,-0.4413606963652048,0.08283350770561002,0.11579571333710904,0.6420085732010989,-0.15862385719331784,-0.06557565285219656,-1.0793859989207522,0.5583598992292356,-0.01381262199253715,0.3128561560472775,0.01744617000645089,-0.8784894259739968,0.07874273634948209,-2.080226414194289,0.8246731588608628,3.428883887674219,-1.635899957292798,0.18464245771180932,-0.7605215337464167,1.26911218626802,-0.10523321638106697,-1.6424499627993965,2.563900367205888,-1.2542125117330822,-0.22895025011869705,0.4514722420852635,-1.720091118098734,-1.4755245988216072,0.6009722719448438,2.1566182173892856,31.18686873403572,17.496181933129087,0.0175689498464571,-96.41597533963532,38.09303501117393,-4.642137906876446,5.470060076483617,-0.35336551370686453,-5.160262029408688,-10.990433748870785,8.835654398896198,-6.622373065732916,0.0
-1.944931833443841,-0.2742217361905898,0.7553674428700088,0.7786458634122982,0.018845291627922946,-0.03263989665640099,-0.6263306726647149,-0.5431179798035137,-0.07808836179576453,0.07296500125089013,0.832417891316092,-0.35299312878340267,-0.0077745502622006855,-0.4536581176820343,0.1078300377143417,0.11338681414835045,0.6052558936832344,-0.10604864294270884,-0.08955507779875224,-1.078559343553658,0.5636429846443661,-0.044964648980285585,0.3185831003153098,-0.021381150793793033,-0.8132522881568846,0.5714605988085094,-1.8079063617652675,0.6747121476290241,2.2823272921956415,-1.5057703035170433,0.11555418136625889,-0.5311093725653778,1.2122474707829614,-0.14326777568774698,-1.9424656758219376,2.6604822546021287,-1.1709318966638222,-0.04875920859226056,0.4359570183435471,-2.1445796358090177,2.3489670526943898,-0.8702422985989007,4.593348672762707,25.961956670475885,15.68701497570287,-3.3411263203505275,-74.7297799437832,32.12208764604831,-2.9554931725496845,5.808295472403436,-5.625442242362391,-3.2741850506550225,-6.439956370184493,1.3441093574688476,2.320015498028805,0.0
-1.9664607128600693,-0.26299971284930984,0.7541582232300464,0.7736864433892803,0.021200251475003207,-0.03525271842183227,-0.632231826545385,-0.5250316340823977,-0.11180570430693894,0.08440617398578015,0.8669390807007873,-0.38159225882690717,-0.005838445086674915,-0.4603834297668349,0.13116627275096093,0.11074820421134932,0.5628177642868896,-0.052961485407138326,-0.11075620853468802,-1.0754301808986484,0.5617856141576454,-0.07925461842700254,0.36428206015698233,-0.11643088888990191,-0.7318852923575377,1.131464578003974,-1.5693697416680612,0.5205247988195406,1.2766661213834873,-1.221100135694834,0.07841907966943665,-0.2546672291193471,1.1105609485411418,-0.147661799054006,-2.166261081508681,2.6320223021108187,-1.0060675210623526,0.050606153781210146,0.31057536685742776,-2.636714473844344,3.8948032106821557,-2.2185203832734315,5.3831208338125265,20.50946490509522,14.11251869300329,-3.857912542103956,-46.10454368882437,26.222886695773195,-1.999683546978678,2.7057543874068704,-7.638648387819152,-3.4811837618001444,3.3697559658487406,-4.778924200193205,4.470337267686022,0.0
-1.9877361053749512,-0.25187654811456783,0.7522665506934819,0.7689964721795398,0.023453146943725797,-0.03921661566066053,-0.637617779496449,-0.49490774387575437,-0.14293041436901602,0.09293173205474757,0.8824041681341088,-0.40065985614247174,-0.005174784999884386,-0.462885579639655,0.14584902237076552,0.0993624309260573,0.5179808397860479,-0.003341189437458092,-0.1284890512015921,-1.056069305188381,0.5559936073771702,-0.11374650082432794,0.4592046779675413,-0.22645044947694287,-0.7210229970575652,1.7196631532931195,-1.4883471516493532,0.4114535084789843,0.4910980623102565,-0.771807770723476,0.0167853180663729,-0.1416511756058161,0.46730739906452806,-0.9082423968756813,-2.1431863092271906,2.3162809239573106,-0.9008185813892278,0.5772599141502226,0.34364226627867667,-2.5656826122615555,4.281163635173815,-1.467277623402886,-2.8121621799910663,16.071646570586815,12.713766131883988,2.1873234162379425,-21.389875650037485,17.817785963022786,-0.894936859064761,-11.360588506311077,-20.98135311329218,-30.22336483751792,24.89578669139731,-32.282888500613936,-5.546310931146932,0.0
-2.0091823390956547,-0.24064641243658447,0.7506665567343096,0.7640888730412129,0.024731994766825617,-0.04265858214258487,-0.643223730827033,-0.45373283150489496,-0.16925308151467022,0.09648648953663098,0.8799765097116732,-0.40757699637061423,-0.011084163350216144,-0.47112536550243894,0.1571070813616659,0.0744496455781517,0.4923526859530609,-0.023645732557157677,-0.1457338024842483,-1.0877623578345883,0.5666384927036339,-0.05983658905660041,0.17928206929031595,-0.19461200597544975,-0.7405538958898781,2.2193710092900365,-1.1216226579236397,0.0627844125647429,-0.32439721746286604,-0.22290218590651237,-0.3045591783695752,-0.45580964133485974,0.6636577108291287,-1.4298813392642313,-1.1171374078607572,-2.3257534878885675,-0.741940767520727,-1.8423261930012917,0.7666308923944557,1.600215598113889,-13.925966551074612,3.987148824049625,0.7389238891175498,8.208661641990028,24.924260932636244,-7.070574896397683,-2.5935281144712423,6.008231524074046,5.561475250168539,2.63099918800734,12.852159120084039,-14.491496446535338,-7.279206062199879,-80.53123209795179,15.762595604041618,0.0
-2.0312555446154406,-0.22917751974978381,0.7501799079025284,0.7590983594512035,0.024184691830086893,-0.04374339695700018,-0.6490541553539559,-0.4014745123925433,-0.1903353474578669,0.08977751031477205,0.8552375639041128,-0.40237939346513985,-0.029458335724723728,-0.4782970298436827,0.16849489517921115,0.03518997621910029,0.46471966942817233,-0.0906188429546382,-0.14957846849566414,-1.1189365965262401,0.5841949217403828,-0.009763438239170643,-0.11792469924953473,-0.08751987671969674,-0.7924499592057229,2.705725437475442,-0.891140589387114,-0.4627756390092806,-1.410333692327348,0.2871401846554721,-0.8853068869783123,-0.28433113383536834,0.580001475822864,-2.279531180224382,-1.661166813165361,-3.9805772455400987,-0.1186167852751533,-1.9715583467413433,1.6498744529386016,0.549262617978399,-14.595228151420724,10.33417701445387,-4.564072282897153,-6.494915007654248,25.62556900058526,-0.2915443305072323,17.81268606431219,-7.721728342596035,17.450174073832226,4.570411887585891,14.965839469165616,-11.578786378232941,-28.662161400457578,-42.47533762893831,30.09060862001352,0.0
-2.0540202730647295,-0.21731361661151669,0.7500645961720852,0.753821865105687,0.022463166138492755,-0.04227509254571309,-0.655332601360461,-0.34238557255710467,-0.20399628859217195,0.07560332511971717,0.807652496638967,-0.39499317852737587,-0.03933486156743225,-0.480726945164768,0.18254019406412225,-0.010154048446492555,0.42236035381661335,-0.15388542317249745,-0.11581352007375684,-1.1578196739769582,0.6081940819106467,-0.019447877595908034,-0.34290537793575815,0.0439331912394752,-0.822429260229389,2.84933874994003,-0.42829008327852924,-0.7484284964856546,-2.4079003625455937,0.26816707495738945,-0.35032814278647334,-0.1053265326240688,0.9170991438231736,-2.169180891761405,-2.2664243149551053,-3.241686095107114,2.2479394918907354,-2.3155546241819365,2.2408742235770136,-2.6883875713836147,-10.354982302682725,12.367671246276574,0.3510469770588588,-32.42640878795091,31.677819526428145,6.862570973408973,44.268769826527695,-13.251537901573643,9.79542909894617,-5.7048253602025785,31.39789443959226,22.83871013968597,-6.006448618569968,-32.44425607332267,31.816784753311616,0.0
-2.0780863521462707,-0.20509287153547734,0.7482868072729563,0.7480866918563858,0.01937321261492815,-0.038411878329481355,-0.6622050344897317,-0.26977586291867023,-0.192655063157185,0.04856749834026354,0.6794287453529079,-0.3770129459468057,0.005229805690710357,-0.5050912809431314,0.21394998100033102,-0.0379764657156002,0.4345773172800758,-0.24427195805289367,-0.06072511896855192,-1.2473906195159021,0.6168774541471499,-0.16784855478496455,-0.6983067702961521,0.07165302667400762,-0.6867937644136151,3.544325410912662,1.3862515756543128,-1.9432936948327315,-7.344427330657289,0.6803477174815334,2.3646896624725704,-1.6953600483993243,1.9912212757624754,-0.43661367491509595,2.180136728353342,-4.25407669678464,2.583182726952401,-4.562800142805336,0.4373052672633277,-10.434946149257527,-22.278237030322643,1.7264232316638903,48.665377473535465,-56.13855560541007,82.17376352813423,-71.50573795498944,51.372947766888174,-40.96287081686262,-38.23029055376816,-7.969846648777561,30.14358166863108,195.43779378515958,148.9402156430397,68.71847391236845,-50.341934829880316,0.0
-2.1033609255500565,-0.1916979909834784,0.7456305360724514,0.7465276568719222,0.016503959640211056,-0.03295782267590757,-0.6643326416532417,-0.25079693418441357,-0.14404160392215462,0.039777634585709404,0.6020335997294947,-0.3178176864314762,0.0893879278496451,-0.571642461871849,0.23920471924827152,-0.02848326382232139,0.6063893340134207,-0.29647349269464485,-0.07472215175822623,-1.2407218295707474,0.6893669543883204,-0.007724065367197729,-0.28385399419072127,0.17833836909415082,0.23834931090259603,-1.2661392788542156,2.0322997279066257,-0.6378386579518474,0.03550761433268701,0.9179473463022136,0.9721430720162051,-3.035961233494255,-0.08924864760063295,0.46803308228358736,9.725262355256504,-1.3222247716312998,-1.1700497233745237,2.0614960216354494,-2.292804209324368,15.008532477780403,22.25726279926501,-21.956486199359986,44.18846781505294,-91.30895672571765,-36.521586980369584,-36.24021949857416,200.3348884988834,-96.21011045675817,-311.39077298632657,135.15134486983527,-137.48067979647533,-8.581833746838667,-99.71145645449397,100.82521246301114,8.251017451407712,0.0
-2.12738084599958,-0.1779138885319873,0.7475919308395996,0.7462939356053205,0.017743233273224822,-0.03179474795398897,-0.664619916459231,-0.28216467882950924,-0.10537476508706248,0.03829167009863414,0.6105915551362351,-0.30112052389385147,0.07805396008854595,-0.6102784732127783,0.2177391206566836,-0.015983056474964466,0.772792937030592,-0.30618964712106006,-0.06349297017998339,-1.179910788956938,0.6776079444943582,0.1755240059332316,0.1525625884783377,0.11740951601493092,-0.2895829815227583,-1.3399696824629224,1.976526199886347,0.35691043491678826,0.025710500818396764,1.1037911558630804,-1.0496858169562968,-0.795107542309097,-1.7029742189212824,0.7626550829604148,6.504626030940559,-0.17430188948104816,0.7480938049594998,1.4377760311796282,-1.5772488924588377,7.63599339490973,7.907960715792296,-5.990719703841266,-27.0626859164003,43.90076077359072,14.56822134793586,49.07720819770816,-74.62127079930984,47.414192968157785,-12.783184211960819,129.21953566273513,-57.77997852926808,16.049175535657977,-224.18544507999536,13.516641351884514,-12.98246911587706,0.0
-2.150834193335439,-0.16438208812876257,0.7514836969321529,0.7435416406567684,0.020179162051645702,-0.03194091607615833,-0.667621455548389,-0.3062583272768654,-0.06488160476030215,0.050328930056277525,0.6039451286309091,-0.2718152495984827,0.06383855925060496,-0.6113863262023248,0.1733941687596366,-0.00028317701108016187,0.8777127206441957,-0.32288691127194297,-0.033336057904767125,-1.174914686063951,0.6746484302861315,0.20495040723615465,0.16049468776648132,0.154786968733027,-0.503340222152072,-1.0666471597791478,2.113682740690018,0.7336508407812069,-0.6622568089918967,1.730651432890616,-0.3610277565355194,0.5745051285139241,-2.507904437978623,0.8453568740490374,3.9381685489814453,-0.844850436757021,1.411818036959023,-0.8498027112065243,-0.19345055478781192,0.5090888139233483,-6.79824279144132,2.6444821563794774,-8.63215578282185,14.379493195699057,11.868320008828217,7.254097673196956,-34.68313643834853,23.943885960014743,44.68920563224469,66.48243997836326,-22.22292509029095,9.112274143032765,-151.32660979824965,14.070993016349592,-28.662216827342434,0.0
-2.1746833075378293,-0.1508100352694051,0.7551645439450213,0.7405752893972639,0.021903924289494715,-0.030566255917519863,-0.6709203848699664,-0.3275972665598257,-0.021351551922825923,0.06051801614924488,0.5875090086022865,-0.23366833912822008,0.06397452001422907,-0.5931667489216234,0.11679883902439087,0.01491296194875125,0.9466347834272972,-0.34611734811855943,-0.0068687284769215215,-1.2137509935100814,0.6813346624220695,0.16375166189180174,-0.11408583934908573,0.24191101825530778,-0.41237300936558674,-1.0871615170163824,2.2918466510893674,0.31966533792960755,-0.9056389576042968,1.9816365174391397,0.234024883009338,1.2280034524289023,-2.9366547536128342,0.7863419802066547,2.763067524624406,-1.035646905799347,1.1154387874053209,-2.8656782969488668,0.3287405365232263,-2.625306217448398,-18.990256735066566,5.060783708792306,3.9660176632028614,-4.92763165160816,16.9671316357724,-22.3088590982579,-4.686768539714347,2.9936757818015383,19.221526604625193,35.25431132358145,-0.09558335150510944,8.50747816902693,-87.47435132921856,23.870541041293315,-24.913000261815608,0.0
-2.1993547860055247,-0.1372592793591336,0.757895192605388,0.7377122997673412,0.021950216379065822,-0.02723222774566947,-0.6742085408424459,-0.34282133443689866,0.028973147775409828,0.07302137543943363,0.5582185649649503,-0.19282077058641625,0.0669411669185676,-0.5627830374401951,0.055177937960803225,0.03227100989576707,0.9909739940024166,-0.3711761159179888,0.016243500980713494,-1.2583660042376565,0.6768456307263949,0.10350729334277203,-0.36890146214485187,0.24709163644772453,-0.43613684235248856,-0.569711956597023,2.8111353109220363,1.054927845643143,-1.7873636474413257,1.8847553071760905,0.3495872045488509,1.7182756340202192,-3.0563664716132264,0.9527543921793411,1.6947892645521723,-1.117193118407448,0.9922936195529657,-3.2607966109938316,0.3507693785127783,-4.407397504828745,-19.162974232981654,3.9285884187184283,4.0368089940558995,6.701951658877046,24.42653869750924,11.232254600684566,-18.66010841497556,-21.252388477645752,22.66367854048038,16.772568103068323,11.263036290119487,9.360319683491623,-58.63280626417948,23.90609505202157,-21.957369677389867,0.0
-2.2247210684105987,-0.12377229912369724,0.759458941643434,0.7344972900385324,0.02084669784265875,-0.023168720001241986,-0.6778955351148231,-0.3499657983152807,0.08054739303764048,0.0810556554703118,0.5146939182287894,-0.14943179819359853,0.06359231472191634,-0.5211278924809654,-0.00711306903057093,0.05517801842538068,0.9970200087973174,-0.39610957924397755,0.042910112783647376,-1.2790915112192576,0.6819519972557314,0.05006265199265471,-0.34530584899147154,0.22253788749615488,-0.5564485927723223,-0.45959829976885114,2.399665499284541,-0.16663212093975283,-2.0972660615844947,2.38830337867701,-0.2757042709221813,2.149553848608211,-3.101658666522555,1.292623783690648,-0.40387995542032956,-1.155406905125546,1.192555554881049,-1.5702125715866053,1.2624612897546628,-4.035833630894833,-0.03262832570474239,3.7636963902030973,-9.259544596700323,-18.450552306479327,-6.8894745907783586,-31.42767400466864,21.61121962747017,9.225342610027324,19.508627439815694,-8.372363939394564,9.989997151683534,16.25877250228031,-45.01046197571056,17.050035357761864,-25.83196379582118,0.0
-2.2502188607655946,-0.11033360867706687,0.7594948676253086,0.7305023699426871,0.020111966864016062,-0.020699467815126212,-0.6823000280881925,-0.35725339908627196,0.12324066527686003,0.07283622242701643,0.4747925972039099,-0.10243461103103225,0.06067409701353104,-0.46635245430120537,-0.06664412728105648,0.08721112211603416,0.9405533431296037,-0.4101431578491895,0.06926726141839522,-1.2726861223373114,0.6734230995857834,-0.05709703580880206,-0.10894694008891373,0.07189583315367414,-0.6687610136335668,-0.408567986553455,1.989377150593884,-0.44351201610733626,-1.7671377685951002,2.243970881616591,0.033423129097636645,2.7882078030600033,-2.863479594780198,1.7705515825537617,-3.6239722667850085,-0.6346367271962405,1.1336122640138067,0.09351541815289481,0.9108287345049737,-7.816858606011804,13.28747253750496,-0.9914091802940919,-10.741697862836368,-13.670678717751276,-11.438693989037665,4.836514863744272,35.023104187842605,-16.242525983534136,18.80677617431637,-25.60024481427859,13.386912529856078,12.439130794648877,-6.500173935454384,0.14607308293154592,-26.61467576909781,0.0
-2.2749138218136564,-0.09730506156184586,0.7570219019651121,0.727422585297454,0.02008882638762048,-0.021457020420486764,-0.6855599300777507,-0.3764910306260266,0.13222870274622747,0.02884098971066252,0.49336772039347737,-0.12016179074288466,0.023676708108079852,-0.3779810973773898,-0.12359247763175078,0.12051677434457869,0.755356762474028,-0.33718145533505717,0.051900140655300596,-1.2002725590619268,0.6422369347397557,-0.21216282956574314,0.2742974817741814,-0.1353696711210348,-0.44728130715546643,-1.0219983810140538,-0.518413924740217,-2.2556299950607936,2.099430670449392,-1.2608511878165984,-1.7939271047349763,4.796018215045623,-2.797050529177987,1.7270908336121575,-10.73026539748609,3.8404109975605607,-1.1161247147234858,3.671314800492663,0.09236331709655943,-11.7515159306222,29.687982016979095,-1.5370099979793446,-11.587329678858802,10.525639006738462,-84.7135094640983,72.53693852014891,54.82754988137685,28.601303151175447,35.406477460880524,-31.792364664425556,7.288102348237615,11.012462108181904,54.46526412359347,-89.06412770250651,11.923678307651443,0.0
-2.300305908598901,-0.08303331438541811,0.7530265954883129,0.723449863062895,0.018517500905013293,-0.018309441170352145,-0.6898856152715023,-0.4128668244801653,0.12205307684594754,-0.024352896390902143,0.5685198001888154,-0.18529365967464861,-0.006557054742072952,-0.3415568490227802,-0.11566129836836586,0.1338600422131395,0.6431793254372025,-0.3154993104087985,0.053109721087388505,-1.3015845603729266,0.772372016540128,-0.10703420082378629,-0.8532791275271818,0.2649550961136935,-0.8337832447785953,-1.887028040734496,-0.33684979464822995,-2.384568814557782,3.5525950926145127,-3.065534877414064,-1.2262870482195447,-1.2095989311898336,2.632479882801624,-0.16787370232030874,-0.649661537023164,0.3707396742083006,-0.2765145819023457,-0.9131623033566907,2.4163408090481004,10.791998945896715,-44.94279990490422,-1.594034841919813,-6.8027910341531115,39.40334046183319,-5.701015525327606,43.78750964915905,-87.88468064279692,63.4038512526762,30.771197991429766,-177.1200391311057,144.62314430705223,-64.68866985744005,306.66254766864404,65.77417080009789,-114.56281593903995,0.0
-2.325063215289035,-0.06701532014727173,0.7515649181165738,0.7196642333185137,0.014778229776976352,-0.011293750302056437,-0.6940730843440394,-0.4626227945455867,0.09668431637576108,-0.0457333363125453,0.690323946143899,-0.2898031672200952,-0.03237513331671975,-0.3860574836252199,-0.06064083601722823,0.12246045444261996,0.6676171445778575,-0.30175592417813807,0.036483005845366775,-1.1809906570212831,0.7921950064453132,-0.0379414447932558,-0.6063134748370449,0.06706769593735665,-0.31544989254836964,-2.1830072606035493,-2.1928240232194196,-0.1395687540839804,6.132280529131481,-4.752670208884318,-1.1335793458387942,-2.1965424574308896,2.516233786133662,-0.8376368474107986,1.5516392456777253,0.9737097903082197,-1.0914785769666255,6.38214352378866,-2.6739234480772742,4.141458237937535,19.476661743752853,-26.114733939537107,29.468914272565147,77.11194455253951,-110.52673630362814,88.01996783024438,-104.02700681569587,111.17907937815494,21.42649930094729,49.17261140776132,-42.62652785726067,-26.222281562588403,-28.528673686592995,30.760627948455703,-17.56608542719883,0.0
-2.3472922779887235,-0.05146908886102589,0.7515486931903437,0.7179317316018546,0.011458528405633751,-0.00923310240324202,-0.6959579590075461,-0.48880701949220984,0.032182353744593724,-0.03498287681312859,0.7803721094657896,-0.3477504266971538,-0.05017580532144759,-0.4209830344609562,-0.01807910748311059,0.10583835868570672,0.6866841575573158,-0.27440148789627833,0.01585561958247431,-1.0607376471552543,0.7628481129104568,0.02378909760103027,-0.2269083966634301,-0.22456048435406206,-0.21944413899398088,-0.5800302266029778,-3.9567970947681004,1.0708641481339134,3.1108295275511715,-2.098585882206646,-0.7395549741402813,-1.3133180229649675,1.839871462898645,-0.8197542806107286,0.3950335705398874,1.6172011205945598,-1.0428422404207027,5.016786943634736,-1.5961381262994698,2.0547892114459954,13.934161184221539,-15.3589959837734,2.5380162030908364,76.63009391297558,-70.21079032961056,56.25113110933702,-149.23126773514994,56.49176029591602,14.034937245127566,48.432855975508836,-27.429402915812503,1.8530684581872097,-60.91471683743676,21.70821052437806,-4.1041119947691564,0.0
-2.368093801129791,-0.03641442831013884,0.752247573313779,0.714558852728562,0.007626233789548009,-0.009737508095111709,-0.6994659873657376,-0.4794060498243412,-0.04542456762361749,-0.008471229677252702,0.7902829300833237,-0.33740376171003966,-0.0416241398184678,-0.4401963504629187,0.020102390335292694,0.09149925850134788,0.6813788981028135,-0.23457428856478957,-0.0041056120646883005,-1.0304500588309864,0.7500647109653911,0.028230129293762746,-0.29543529308678834,-0.3553554593373406,-0.6665425983480816,1.0086452623336275,-3.7364396138845075,1.4179729717807092,-0.7029776288478253,0.9353047920876204,0.5551754366486541,-0.7387069766916524,2.014204149472054,-0.681697510354925,-0.7048793741665587,2.214499596470063,-1.0468097612518308,0.48754675742583836,0.17029493314915312,-1.9218907142782136,-9.415050303722968,-2.970177520554574,-17.59755694632109,36.49226535788133,22.444035200878208,4.3194441413367635,-70.14467677575416,-12.782197063217977,-9.1134117870778,18.969560799670557,14.72833430660712,-0.16110219937609843,-40.76719654302159,19.32504119830213,-9.58620540744934,0.0
-2.3888843573119996,-0.021428988360240833,0.7521793263254469,0.7090784685246582,0.0022284219978221617,-0.009351382008234087,-0.7050640476330229,-0.4447802321732206,-0.11348803540490385,0.007782762447102228,0.7276836486257687,-0.26603483767327485,-0.030356329512614244,-0.4528109867799217,0.06171280348062216,0.0734403026112742,0.6615627059711454,-0.1888715010284055,-0.019447833041928438,-1.0527061517419976,0.7568770765139438,-0.04863207890512642,-0.5515589774501186,-0.32839133198221876,-0.8390622942392512,1.8836911270070744,-2.9920718534346213,0.4291384329670784,-3.6801360629853,3.5291013783812994,0.4885975689215482,-0.6281883767983132,2.1046520376521483,-1.3118832931495774,-1.1698158146790902,2.2681879899699475,-0.538213163489073,-1.6868764763276982,1.426184765185929,-6.305468329138103,-16.464243068466267,5.902778365097731,-4.872154181815167,-11.636473205914857,54.00157833533403,-30.299042969701375,27.629795848419718,-74.56461803888413,-10.201730845183537,-4.037564850389373,-6.3348037049940595,-73.19093907642599,-20.65034514553213,-11.172977239566958,29.28271609653894,0.0
-2.4113943079675395,-0.0059690619164640395,0.750233695886123,0.7033461387260616,-0.005216207627285491,-0.00593015403016234,-0.7108036533321334,-0.4044873733241382,-0.12638981742126162,0.016212850253154002,0.6220095609091874,-0.20317373195353672,0.05544514504006637,-0.47167295427630673,0.1026108592522003,0.03637954377217338,0.661393859540538,-0.16649419226743917,-0.03852528502525134,-1.1813917943531802,0.8216563273687166,-0.09381847480844617,-0.8177480652098896,-0.12654131015742281,-0.48614030519213136,0.6133855255892666,1.0422832336117418,-0.5220211794507076,-3.152910434305976,1.0533925744180588,8.120925244303947,-1.1915052398993016,1.704858342516612,-2.1173786175949125,0.4201592484329475,0.958656356058677,-0.8455030382007321,-3.2388624980924723,6.226112043523298,3.8051620349248627,13.679610150548072,19.84026626272283,43.80267175036971,-206.90493793298367,111.21597317509364,-110.39942891182801,340.3537762938203,86.66259765968361,-26.548759654360715,-18.121675521701,-66.64681450160073,-3.1944273437120323,18.87389296483026,-10.488869948212225,21.76752242632007,0.0
-2.4343617049052737,0.011714099841898319,0.7499279245036008,0.6988254988311465,-0.0069064655512326815,-0.0037961224549573035,-0.7152487765605025,-0.4219293016591278,-0.09154635700641678,0.0107693168626764,0.6052116770310609,-0.178304671570926,0.09205162610355776,-0.511882689009759,0.12261503804103727,0.011822423377743658,0.7284271674166505,-0.19447146036985719,-0.04244968188295054,-1.1145548878011022,0.9019462277028092,0.04922727433386481,0.10773432277424402,0.013492769106087064,-0.8078653063307165,-1.0755098427242578,1.9065965417172832,0.02496548358750815,-0.5080795394897495,1.6197222558133109,-0.8225338424194109,-1.9934373437655566,0.4391947519635835,-0.6049919686767227,4.119585569903782,-1.5297953770342443,-0.04513899443366734,3.7555675511250515,0.06128990938561494,6.739277544337703,36.471673399787356,-10.162117790190734,-21.721845918992162,33.393523868232464,-1.2383133365979295,33.15205753260479,-46.62584895192108,50.65730200075473,-151.337735720365,43.092478670867905,-58.15043435558901,59.93770783804484,-11.393590268712092,39.28085534433047,5.990786208407362,0.0
-2.456242493389087,0.03007622032089277,0.7510748545119074,0.6933240665080203,-0.004518592780073256,-0.005444485735876436,-0.7205912008171774,-0.44331611761135853,-0.05571053133501999,0.011348721674956489,0.5908037197283726,-0.13921729205617803,0.06659910708107937,-0.5458946863330026,0.12043534669088646,0.005925819054104086,0.807737490997759,-0.24336948240110512,-0.042347684039040635,-1.0824041439465828,0.924577031784979,0.06159442912102334,0.36615134077482375,0.058842329214712205,-0.7370578706979419,-0.9125070904015942,1.7124220334126423,0.017774911314856316,-1.074899698153867,2.203614963783503,-1.3953270207528115,-1.2673635035059576,-0.4925806148086326,-0.07268287473145721,3.2949617517869014,-2.2706654250299603,0.00939263009042133,0.8760006918117311,0.4053798413178724,0.0626804740064976,5.83953731977256,-1.6468845489578732,3.7660143370195343,22.694059300627735,-7.05549291851554,-2.448301665237689,-43.853809734478936,24.64345709506498,2.790308079776272,57.00634037277603,-37.73881597202089,21.635145959009026,-98.95914187450096,45.38323860897001,-0.13773253867895127,0.0
-2.4778784799375813,0.048657725478288325,0.7521930442186143,0.6882148719108717,-0.0018517547823932686,-0.007989043892156295,-0.7254605683719944,-0.4572777488334564,-0.021818257970803976,0.011404985253014347,0.5629211387195884,-0.09307711817284972,0.05206729643235382,-0.5626722375985752,0.10144284964406625,-0.0012778043553801246,0.8696666118721466,-0.29977018551137363,-0.04599496438663509,-1.0876087348554664,0.9318027714143705,0.04858074320561334,0.31851017409128846,-0.02675726613859345,-0.6871067233433659,-0.5421209391513853,1.7159431042663702,-0.05900223666494337,-1.592379114473378,2.343329893753839,-0.28669156577086896,-0.39673055431599064,-1.1515201810471623,-0.3870378924979608,2.571953727161852,-2.5285894155360196,-0.18525389869286926,-1.1265137571974115,0.2861252067325055,-1.2166767820157565,-8.106386149914892,-4.878729180046038,2.2339250916131648,14.567455577850735,5.4084906206720165,-10.348519061757269,-15.732955229043693,0.5592476983039663,37.93922632866596,52.74700511879192,-10.04794147657952,9.970729278597119,-74.39800498421445,52.73496199829326,3.7107230941158447,0.0
-2.4998039139758843,0.06733904735059824,0.7530752677516815,0.6830475815251759,-0.0005779298798483059,-0.010837979679851657,-0.7302932325895681,-0.46114167960454416,0.013228703241251097,0.009634646179756344,0.5214906687645684,-0.04318474670237773,0.049481076190639024,-0.562861805737921,0.07438284967269033,-0.007788478499739827,0.9213400385881958,-0.3552691643157332,-0.048035919345157455,-1.109650313376771,0.9377807148153262,0.03483970711302088,0.21918680699417736,-0.16174131845822856,-0.7168686322801461,-0.014253635295322118,1.8198732719953936,-0.15252606844291694,-2.280395797166589,2.5260464769157296,0.1317284940255054,0.35664596441347196,-1.3838463063507465,-0.18039884110435728,2.2684635187402713,-2.4188434733693183,-0.0738432482606547,-1.9515692484416998,0.5566446336675788,-1.6354868407025844,-11.308959233168663,-5.217716627872366,-0.23681996050270976,12.01542466465562,10.547140787623462,-9.866404918995629,-10.203089444827066,-3.52159666299137,36.759999686148724,42.327303217142976,6.052041435426542,21.005986268682104,-51.62623211401979,53.743918452686756,1.7486775696359222,0.0
-2.522216479957629,0.08613915466264314,0.7535254908833922,0.6775139543400776,-0.0009127272057940059,-0.013878360239480272,-0.7353784058024695,-0.4543072607930588,0.05057309464699214,0.006666441552077823,0.4658490470054761,0.010048364704293187,0.052577041711384095,-0.5477299569122418,0.0445033025961807,-0.0055012778916167775,0.9611839090910184,-0.40056448764432123,-0.044977739144100234,-1.1347044931420285,0.9454648419068704,0.0024680349426742156,0.12849160191046136,-0.278868588140118,-0.7638890853277108,0.4670359998818954,1.936304367312945,-0.18774758068432007,-2.929498213945897,2.6839884718375417,0.4089727826281133,1.0590948843409569,-1.5022022246669104,0.3395885496660126,1.6428772188317253,-1.908802774142914,0.16417435568198338,-1.955481219328452,0.894851650240519,-3.1179426765136844,-10.589003779410092,-2.7910455040282844,-0.321989275537247,1.2520178380623905,10.68327968160843,-7.745988713678626,2.740851915340431,-1.8098746471743334,37.46127971102812,30.31102249480698,5.124304205851895,22.642223063630514,-43.672176471353595,43.71823286368598,-3.5177661791701156,0.0
-2.545133474738109,0.10510049937211395,0.7530042622724274,0.6715401985426455,-0.0025581955518947336,-0.017023745942781235,-0.7407681212436841,-0.4395336373602913,0.09039770662084605,0.0038269542949074123,0.3998310817161565,0.06670648195339574,0.06181073455618899,-0.5198634254209262,0.012273453209815082,0.006830186655013376,0.9854565052197459,-0.43539214282976285,-0.03687661235094277,-1.159002555665004,0.955251879871038,-0.06206532303966911,0.05937762446382218,-0.36387065142045405,-0.8170916636450625,0.753432609549529,2.0708429422554384,-0.1376254996013969,-3.282696434287562,2.8375041052778465,0.7262392158632859,1.5829603679025501,-1.6427917086400112,0.7887095396839289,0.9017753062760252,-1.4685842736317962,0.3804920439860155,-1.7618698533675865,1.1573648594630745,-5.047089014497512,-8.738299191247469,-0.21069739387746256,-0.583044018237904,-12.953518435975516,11.92554548124956,-2.552133984110947,24.26513514375269,-8.386528141035091,34.49467631956854,14.2717359668084,1.0424208889355397,14.740729016004533,-29.784655220189663,32.669050731293744,-8.419643796354935,0.0
-2.568550359219706,0.12420657032648312,0.7508370338129008,0.6650185899174231,-0.005255008360952337,-0.02028857225653841,-0.7465326742930672,-0.4202000460834067,0.13302252027715106,0.0021922551657834895,0.3296084395683826,0.12527753896266502,0.07578708467793142,-0.48286178192967283,-0.02199547921434956,0.025864118502790415,0.9927208170861068,-0.46175704046605864,-0.0240293109105531,-1.1854491746336697,0.9598349197035333,-0.16327047273707734,-0.004011327512438816,-0.4531612490530733,-0.8986851115649769,0.944058405327093,2.3324934893779345,0.17073163760496818,-3.4309666956146785,3.307538744585782,1.3252037694855616,1.9431883172009232,-1.6961850343111735,1.0304481327918982,0.12259479333087979,-1.1248334343602138,0.5867124430859673,-3.0572969878814082,-0.16865750994134537,-8.963902726108834,-16.720452776674737,-4.965643470061057,-6.565681221907197,2.3845556754057085,87.41370762104941,141.25058370602355,-15.116841672653335,255.39464568274497,280.94583514582297,6.5569425420524405,22.947318305610736,6.234882983137901,-8.508742140340445,20.834536550721975,-13.28113118752383,0.0
-2.592436069715619,0.14335422107387571,0.7463310443710865,0.6579665245243931,-0.008766518140367626,-0.023867068579012145,-0.7526178072583916,-0.3999567768196627,0.17846770792827593,0.0022101620019552236,0.26322674342024466,0.18063056020196028,0.08965653963194445,-0.4393169441828164,-0.05578341412174266,0.04892073605775351,0.9795668789653065,-0.4808839570202952,-0.006043938669831833,-1.2026950322385903,0.9637745637996447,-0.2886293550965044,0.023069976570837876,-0.5125939518824129,-0.9341520936977186,0.8365232579956836,2.284242221525632,-0.03310422760247034,-2.9249234605781598,2.435266129040957,0.6590734111146429,2.1676863069797236,-1.6758060647586668,1.177331264472674,-0.899144533461016,-0.8225468975382016,0.8160640406576714,-0.916348479552229,1.3794846244041787,-7.746065629462106,0.4366971531617065,3.4846316142249902,0.12192331098983569,-35.945369624326865,-0.0370640168669536,-10.063032441519603,65.51015488769406,-49.17737282729275,-6.436571034673138,-15.539730216526618,1.1618773212566547,-2.346819044949129,-0.22567140698046373,15.024446931279662,-17.503389661992948,0.0
-2.616355389965803,0.16279898999262415,0.7396869602957252,0.651118643363204,-0.010985302152782272,-0.02867056765163591,-0.7583546887519088,-0.38921958258375744,0.2136219043860717,-0.014432968971436007,0.22007581312759983,0.19001858662199372,0.07471111647273933,-0.3892250966898967,-0.08869264276575135,0.07853714365884007,0.9250495144156534,-0.4888756280265193,0.013856406607757155,-1.1896636994323098,0.9881850484070078,-0.38087356567759295,0.3575913847593502,-0.43137400120072666,-0.8990792296314742,0.2331065963657344,1.4556436369593446,-1.0789465907852311,-1.6428188701109967,-0.1614741915562818,-0.7723799097983886,2.4096590273651186,-1.663220205047784,1.6229432729038742,-3.2430634184909275,-0.33068717864753994,0.86894135121126,0.700253528308743,2.3697732499432895,-6.246125451908043,19.01954681834682,9.916369537730318,-4.333255702201589,-36.53300218289132,-24.90517155823096,-6.909016706333826,51.72422118339118,-29.1184423513021,27.127166194867467,-36.11684855541245,-4.516683169333868,7.1966305388530625,9.43015409861275,-0.7812531043593448,-20.222165054508622,0.0
-2.6398579411254186,0.1829916398765283,0.7324882924013597,0.6446085213073237,-0.010648949980040179,-0.03482759413747243,-0.7636448734908803,-0.40063431415124273,0.2304469689950852,-0.0596247661313029,0.22446612802597107,0.12025550500246852,0.04034019098297708,-0.34635039352962127,-0.11252238080586885,0.09733002804956273,0.8153377389522062,-0.43106204596714826,0.03490542294401738,-1.1721355263459452,1.0551380007689544,-0.29642535518405694,0.36544124199076145,-0.28220079517375973,-1.193832815982165,-0.7722242923066327,1.0093038007477235,-2.169809222486304,0.708244104259536,-4.763041336064081,-1.0039885992952295,-0.8216995558250049,0.4496703462759596,0.22479502867428733,-0.793252364514567,1.8388135106864123,1.7420612175913623,-0.35275488938441013,3.5721972162562032,11.60379024575104,-23.085799996480535,2.1262138361178295,-38.990890457647765,21.757292492289785,40.775898375177846,42.02105968562643,-9.325584237003005,-47.282618981686134,85.6036487335849,-323.33977677061216,259.030034798144,15.26809826238231,615.1828389170666,-308.2357843262733,-244.66543001364855,0.0
-2.6626518702407367,0.20500696591932188,0.7296846908801462,0.6383314658879593,-0.010531466216426292,-0.03662876906731722,-0.7688175083550541,-0.44726074044446895,0.24844312606378613,-0.06688200452123803,0.30667721422592104,0.021716660784019636,0.02254617446713198,-0.38913636917495786,-0.07827779052802145,0.09438214407668045,0.8442130380639069,-0.40984700779069133,0.0318459380839953,-1.0983841047631129,1.0906159083282425,-0.010419272243799862,0.03652873061087649,-0.19336095574173848,-0.44718546553581284,-2.4802099735495977,0.3523036942723574,1.1463727858747628,5.117882229873151,-4.27362463345836,-0.8102344048536559,-2.0729500224964275,1.9932392955789486,-0.5240118683863801,1.607612663084196,1.047824430634175,-1.0079424571239421,5.04028375467937,-3.3938321914566103,14.61656274086319,-2.4325275325977236,-17.58847222077632,43.38464395173152,49.63712671049579,-103.38529012842359,66.79384294907777,-28.85949496301791,120.39719497533447,14.272430184214443,69.39625570904259,-9.312343309407813,-45.17778795861548,-76.27319347353378,33.245202935294415,-54.18557374129321,0.0
-2.6828470891482183,0.22716415553161964,0.7305010254197591,0.6349007058681082,-0.008569453460926751,-0.038656151109276095,-0.7715784860511435,-0.5063244309089018,0.23464425683265502,-0.022236880612578003,0.4467515372907839,-0.0806818287723817,0.005080473614391875,-0.4340492779050614,-0.04298296165229249,0.0872040720066212,0.8692950669290449,-0.38181916994733883,0.009507451766403233,-0.9405589344837342,1.104023389088272,0.0949543727049032,0.47947585723226366,0.08853639963421628,-0.4661201626999302,-2.537967991018095,-1.8161125967936038,2.2752050183027026,6.469813121571351,-4.307504380311823,-0.7886832861765765,-2.084234226724246,1.4879702935783667,-0.21856861048246137,0.6407543725008062,1.7439791137725542,-1.1580562865318134,7.330977532458234,-1.2272030509711505,6.525333765993839,23.918249397773124,3.874926700887927,-2.6061363843963408,85.1597527260391,-138.55039958367738,-33.37016481419039,-162.87405800698835,115.51565756553859,11.758442376378664,32.656446275893295,-33.87858084258105,16.168675580769214,-82.6455603489165,39.48828029604813,-1.2770280726437506,0.0
-2.7005139334498676,0.2492999433118765,0.7322744990993327,0.6309307767662135,-0.003421053150425948,-0.04219185784966222,-0.7746834827564849,-0.5595940396579985,0.17833949290475654,0.012809785606301496,0.5978227182222995,-0.16936442466094792,-0.00919992610667914,-0.47410245008708657,-0.01653581481948972,0.08461324417519483,0.8734862819067704,-0.3425105495575802,-0.012111637226986044,-0.8437268910837372,1.0984367821955094,0.09494927635247229,0.6695003770529733,0.15651902981183197,-0.6200490198062284,-2.1639135234280436,-3.5282645070805954,1.6012012280423498,6.718141365016027,-3.627677337445303,-0.6236813504278717,-1.8076142181235597,1.220309066535137,-0.019033122419860646,-0.2216755117668477,2.150304186115645,-1.0696310602961168,3.7952714285216604,-1.3753619866903786,1.1793172876951126,8.250362701099956,-3.5821994378452198,-12.473596670067701,82.90192312310397,-71.25485937621521,-3.4954746511229775,-176.30980796182098,98.5625430797325,10.056057189442217,27.680699693946128,-8.012638746236966,13.322709808616388,-50.282456168963265,20.15116977341346,-1.4258368166726836,0.0
-2.717119975932293,0.27119297489013205,0.7339160903140156,0.6257659501857371,0.0012481340216363276,-0.04545663272487919,-0.778684218596293,-0.6006381254335594,0.1002961630520758,0.03338981926636785,0.7349211381591113,-0.2381298836667762,-0.009506887494685536,-0.5047160728795146,0.00985569009249755,0.08140855339321285,0.8587932637444912,-0.2953564831802255,-0.03563154665333838,-0.8256046255211866,1.087312445481636,0.07806591989684372,0.42024062693291375,0.08549602268896153,-0.757571848987075,-1.5886360429693105,-4.013795190778328,0.9819212999818278,5.866382157279152,-2.8043638002571187,0.08189087022563862,-1.2563891891129884,1.4348379982340789,-0.22658782523914858,-1.167386940575906,2.5358259301909136,-1.231558429321062,0.05838750348164187,-0.9414963272635822,-0.3015351858576273,-12.050628543088905,-6.9867164745112635,-11.288348843146093,68.14514389475706,-0.310787672854679,13.401713238693112,-161.97512358707772,72.33454758999716,-0.7480954954773267,32.108031958028306,14.785587241835843,-5.156255991332831,-47.544148696078196,20.303165742573192,-1.3737345525958657,0.0
-2.7336682775918395,0.29295750330422754,0.7353003656201733,0.619782826185325,0.0037009887434861118,-0.046871907663359524,-0.7833636290510607,-0.6294471555359169,0.02176339230766204,0.05156558386847021,0.8465218459365,-0.28906778607887695,0.0008922762880502848,-0.5239649388789561,0.04060405586331036,0.07273596203030422,0.8243171971624325,-0.23992067394327954,-0.05995811560855467,-0.832297355735909,1.0876743608158286,0.06329317771813482,0.11682559344254789,0.050820387471862925,-0.8016018811512164,-1.09774536012803,-3.751493810944102,1.0210283996301812,4.672016433574613,-2.0796986214001403,0.5155809027270931,-0.7138542354620208,1.629011675189265,-0.5693474887225953,-2.161900338563454,2.9609497546430865,-1.2613179213177952,-0.7569021510476992,-0.0623576524561254,-0.8537217325842571,-12.699582960507383,-3.173407594444183,-4.605242816223147,48.12660649855966,25.55412289136147,18.377237884548737,-132.75602867945213,51.644168540479285,-10.224132765732643,26.381128335551292,10.244873430725043,-13.423113050734655,-45.145952260980685,20.33802171665029,-11.123983545573953,0.0
-2.7503499380143257,0.3147527731445201,0.7363340310053383,0.613642214421514,0.004510866413962408,-0.04678664833880576,-0.78818392162063,-0.6466763447741303,-0.04842945186487599,0.07309265496745108,0.9281446090072671,-0.32989510873381434,0.011287515493819913,-0.5328135645758764,0.0726312129014546,0.05726073067316791,0.7709464545746174,-0.17731033871783683,-0.08811267009708881,-0.8348858285724642,1.0907035704454247,0.03752542296630813,-0.020892043400444107,0.023843337542505096,-0.779702650293586,-0.5723272443981551,-3.283673830968303,1.1730107503657348,3.2764955656815222,-1.7369524037345374,0.4418566115144584,-0.22037793407235087,1.5366587194223926,-0.9711303808804584,-3.0983425925422736,3.3014500576083083,-1.97264203361493,0.06475445279311925,0.15669179741559636,-2.163608800953165,-2.264197540795221,-1.2364882630191922,-1.0204059657438378,35.34612210047387,26.880512259590336,12.09523138666361,-102.70720477805966,38.28928628947539,-10.292904112626372,18.324187382873458,-9.216739346881235,-18.65713182156155,-36.96819052919707,17.167172255486385,-49.898436906998654,0.0
-2.7671050500728214,0.3365842393110201,0.7367359470089363,0.6076179344167352,0.004373726227801851,-0.046395156047339646,-0.7928611516459647,-0.6504100592554499,-0.10832663204164618,0.09468943894789536,0.9755741391159242,-0.3619591037026773,0.017903074016372075,-0.5345852309258471,0.1016836788427462,0.035820635397714504,0.7064267084988062,-0.11355103238285955,-0.10960588546468478,-0.840459864880352,1.094142695701769,-0.0014931374184386417,-0.07436861718866239,-0.04125961575007307,-0.7559068682776513,0.10205606439035135,-2.712130465802607,1.0374361730176012,1.6673040071121759,-1.3745096633751654,0.2612722126754009,-0.04252535056005441,1.3954090445742737,-1.1444142361059342,-3.24404165421895,3.122264942771729,-0.5584601377438475,-0.3302018121657571,0.444689375840267,-3.0516556982148972,-0.6406633153231567,-1.9184209313293994,-0.058718004609593394,28.900421771847107,34.671023096199534,-3.354509925727332,-71.28220121213002,27.25779655750395,-6.636362974205974,-0.8996890424437933,-4.495961415981181,-4.9150420466028155,7.827252663716763,-8.181660607886673,58.56891484537259,0.0
-2.7837998296474167,0.35825191927252825,0.7363971141683736,0.6013580294426555,0.0031501361821862904,-0.04664071990451845,-0.7976109579949778,-0.637040710114326,-0.15952941291204065,0.10839583362955586,0.9891054505757851,-0.38098363369471333,0.021890792393172806,-0.5340537387394765,0.11449966230143141,-0.005078591936330685,0.6430420347826692,-0.05780139607377069,-0.09674844791364165,-0.8324374119486136,1.0782599558760422,-0.03924053534879317,-0.07849012732376805,-0.2082530906873818,-0.8632036913605212,1.0252456375551597,-2.288484186594679,0.5303365949278966,0.17713068667222406,-0.7704308812094559,0.16033220459546157,-0.004233857873628944,0.19322548824896116,-2.6736442351178735,-2.9349040242272357,2.263915679430241,1.108989693918845,-0.13327643932572963,-0.18455202272352533,-3.1342916756221473,-1.5628591840905295,-5.669965480521345,-14.07703222130545,31.254606673736948,41.925068339618306,-8.556707852888144,-32.81961327609844,14.250441586669155,-3.8684951294158143,-9.725748475258017,-25.7277406679864,-47.452119557961566,41.456441166032846,-85.87335336059584,34.505600842299735,0.0
-2.8011152438899223,0.37997147576456,0.7354562017296618,0.5930420913582173,-0.0006314027595614499,-0.045941210319755066,-0.8038594929478557,-0.6000782340537472,-0.1950609245994061,0.10081576889306497,0.9448087815845211,-0.3718153146227108,0.04887478770870433,-0.540760550110639,0.12335812960198751,-0.06514884302877405,0.6126887047073531,-0.0940183192272399,-0.0629204998014041,-0.8996599460360788,1.094418150952283,-0.06939117847380007,-0.5340078215621561,-0.3667849165388422,-1.1472851187255586,2.2173019452060982,-1.1652966832659177,-0.9340080327221676,-3.047216089103229,0.545509819254994,1.3716643106213935,-0.3708939420832665,0.8033851640957707,-3.104741875965552,-1.0568588459233883,-3.2436176752179473,2.2133021727251383,-4.02841711109811,1.1689424780891422,-3.7217344166632493,-25.949966555631402,-5.945200609953847,-13.449403240891748,18.173198743436053,79.71175732426971,-43.632765426967325,-16.19828033120161,-18.60204717772514,-23.110779308786046,7.679664529695789,49.38842866759097,-0.2542139025554513,16.05028984112223,-71.57050470138326,42.32983505214062,0.0
-2.820488716617368,0.40241064632080403,0.7322150108060004,0.5785338833202036,-0.008997085264489738,-0.042286494313494065,-0.814511786720035,-0.5193585117852498,-0.1744599319436905,0.02753736808257621,0.7552090640550412,-0.33016804836277475,0.13246482708062754,-0.6026379635383243,0.16375909965373528,-0.05549523435543666,0.7815728382970756,-0.19012272161759997,-0.06732415727173545,-1.0556122552823206,1.1246256212320704,-0.2422570187092439,-1.2983051935804464,-0.7573725643272884,-1.8255161447262345,4.951626185012902,3.0455475288353933,-5.822261506434517,-11.728547663869369,1.9758908687847634,4.179230382905478,-3.3582240635947294,2.3100418769368605,1.8006890911302138,12.008517643223309,-4.03529445558031,-0.5312314284606936,-12.998102638956446,0.39754847475492816,-9.219186902106568,-76.49339776592014,-28.816397067224166,9.547712468824159,69.32385380011694,277.0145824495276,-126.99437158999973,-191.92083104627628,-14.383084848522927,-51.236201702410746,69.5190391464074,-4.019051147911655,-138.6353596701749,186.1097599131396,111.12862682639619,-31.269344905810073,0.0
-2.841718240648317,0.42532057468630924,0.7283045252495766,0.5706646178947834,-0.022723195314906932,-0.0368568066225526,-0.8200409295171006,-0.4705441834316749,-0.08547034725821687,-0.013342749739780632,0.6165183657795261,-0.12462884357522,0.15893667349556267,-0.6323685724861361,0.1761094622439443,-0.026903390964142092,0.9597793740748863,-0.28120437947460214,-0.1083049951483846,-1.0339612582723252,1.1581788334382133,-0.12346834547698446,-1.0913809747017635,-0.8759063538340741,-0.05704382246888609,0.33625784240926826,4.106712159351782,-0.8077241839726446,-2.0639657633838855,8.716780501953252,-1.1885909815766218,0.0694489424360365,-1.1644789839451073,1.1961487407976656,6.258483095126328,-4.111658504878879,-2.0346910801613394,7.058834229670133,0.3745743609399463,11.113980165278463,38.23875864811543,-2.6347667075653947,86.48744630865924,-182.64208407799316,-220.29496253613465,-146.76701698600544,485.2480331531636,-961.343472885309,-307.98412126429497,167.92448994282694,-227.1095859188777,-5.821974118153383,-281.29707497858845,74.388096572475,35.76502063679257,0.0
-2.860075718104942,0.44871830659630846,0.7283253360823108,0.5689568416331093,-0.029846244367906512,-0.038230580469136445,-0.8209358907813709,-0.47409262284059284,-0.02529317507029671,-0.01602944824057953,0.5961470713467275,-0.04517379312490159,0.11165551954459582,-0.610333752045866,0.1172610957415327,0.01030800005348697,1.0273856893398008,-0.3467044892287504,-0.10038951016066212,-0.8408129707729348,1.1764151012203203,0.08080858295920736,0.2538418280809868,-0.516813542776055,-0.3007313929295684,-0.12028501233857757,2.413388068421829,0.5427517398754879,-1.3025815351853909,2.198372269107496,-1.7696818049556426,1.744617506332008,-4.143044237420543,2.352516217775583,1.4729101084515066,-2.7240429957848704,0.7307512894580398,7.0488125664565375,0.8300741287205766,6.686441057467763,53.30274254856222,16.49322663151978,-15.14247040944682,24.69725423925355,-44.82822570880701,81.73410942554423,-80.21331158805877,-81.2506811218374,140.6310144290154,50.34321409291485,-111.97750684583544,48.987647385868286,-172.27796382659483,53.56820865314267,-9.42581281206768,0.0
-2.876760456501326,0.47249572203552603,0.7294785607243578,0.5662428086970909,-0.030697779756665457,-0.043917404580812267,-0.8224949783990951,-0.48093076496419107,0.025401158803987915,0.006401241279598883,0.5781499318464416,-0.033160881829001315,0.09678507840676463,-0.5675805571844907,0.03697659902210852,0.06874500919464085,1.0241756229691035,-0.3904837564623679,-0.04894281364387288,-0.834755582739624,1.200564936469323,0.024439789383036994,0.48990082807581037,-0.2930971895970235,-0.3169990032413138,-0.41670701570628493,2.608485479821213,1.451787988369624,-0.9138886203426434,0.11037011561384925,-0.16151571576127793,2.272226111950923,-3.9120317468727728,3.098361147638926,-0.9371895904126623,-1.8465895550775273,2.494455914910685,-0.6221695122914498,1.5664237619664696,-4.868207134430369,5.664635736666446,12.984649724514739,4.284701693438958,-6.19704478853504,7.5329950615162184,25.96305171699246,-14.954390152836707,-11.618014372504984,47.7676677504539,0.5810629243573475,13.358430270251406,-0.13343372232474843,-43.83574938553835,33.727301823728574,-50.044696943245626,0.0
-2.893599203478486,0.4967056812368926,0.729085980817956,0.5648834731073883,-0.02953004192382192,-0.049167221069017386,-0.8231750863616221,-0.49756018786620965,0.06170275218505732,0.011052754027629773,0.5769030324291271,-0.08162512924075781,0.083427251213615,-0.503868388394766,-0.024986528339346413,0.14414061554829885,0.9333961757069662,-0.4265932992544011,0.008318744839322819,-0.8426139083057574,1.2226678192283391,-0.07738859562464828,0.5390896044639419,-0.09523241663600623,-0.07862817630990851,-1.0797234711312484,1.2049539026465081,-0.5365017661381715,0.13205486382101816,-2.972924772693376,-0.4339134283332574,3.384656013207647,-2.6582442167900724,3.8794519115855666,-5.749486384897855,-1.754187210304276,2.479215577122779,0.1790888084048871,1.8252681077912316,-7.94480887182039,7.795849234519126,15.184889870720518,8.269886283967791,-25.20454102767922,-61.99485337221643,-70.94691617264515,-1.030545880650238,8.293400067732811,34.6911594414329,-18.95498206614723,33.73674183185131,-21.155273387405614,-9.123109154055562,11.228388086091297,-57.41580277564505,0.0
-2.9098243662061853,0.5220362997432023,0.7277283837671664,0.5617400015489337,-0.02699004304475815,-0.051652404320627246,-0.8252585881795755,-0.5440323840668028,0.0758199366639073,-0.012721709351793729,0.639930967448935,-0.15999296053623632,0.04368150589945744,-0.4710016237252725,-0.06979658954144984,0.14086772489482177,0.7925341728820771,-0.2775746086676849,0.03550516135127658,-0.7915938405877154,1.2914484266657855,-0.033251955470254904,0.1628308336356504,0.0900133915338278,-0.8688573751940802,-2.4501162972101245,0.5561732794135563,-0.8893192365382029,4.37018608609531,-3.463857489640966,-1.8048067114890927,-0.5172061292683012,-0.8433161354147677,-2.108959275833224,-4.29120787087605,10.97051764603371,0.2227349418066912,1.2108072767887397,-0.47535604632135514,4.944573280300033,-12.894636986145422,-11.885592764890061,-43.59475342668298,56.220169385998275,-29.124532010408362,52.071727670031166,44.75900127474773,91.71341299221109,45.49819438852017,-115.11389544542848,197.7173979020982,12.464207344989301,251.79015948842437,-105.3275446101841,-102.45671841766112,0.0
-2.9253149783688865,0.5484791993051917,0.7283117705108852,0.5524903605079057,-0.02531120670228542,-0.04954055007865419,-0.831660674950442,-0.6020808408894749,0.08406659632459206,-0.017832812294865462,0.7795268032714953,-0.2338767195662757,0.03815866427015838,-0.49962723350408345,-0.04178378595841573,0.11818982115137056,0.7530796626477108,-0.16558684041292182,0.021537225949724282,-0.747176948594002,1.3199078238241677,0.09820130855381032,-0.23402297938337455,0.2370809195496927,-1.263388625465942,-2.4974675571718676,-0.11226921793466565,0.014007320810420103,7.05009556487641,-2.963119742698229,0.018506116080901025,-1.4264792381709408,2.279881414662467,-0.659874053487196,-1.63986052841915,3.642458194425462,-1.230594094605591,3.854410998819512,-1.7286346478280072,8.302062064133544,-0.8254379827565119,-3.9016947549829224,-10.045379614546444,87.01420240583597,-83.91417632776731,18.4476762775801,-105.9130799814236,92.07201709703781,4.315675735987991,40.0087425813873,37.39413094201528,27.978712949044752,-46.353376748486724,-87.7402552029573,-37.664072426477304,0.0
-2.939192131552267,0.5742831568381771,0.730959794645899,0.5436821204371193,-0.02374793018288982,-0.04816716844921221,-0.8375713173292251,-0.6428680015406609,0.0595197335288534,-0.0039198472941056415,0.9207875060071183,-0.31085590039285593,0.02561905379582031,-0.5206018454599971,-0.001695702292389559,0.10452773605462212,0.7136572216138942,-0.10552369189188734,-0.005529717805508651,-0.6503821389752348,1.2621175727861658,0.1631761724631758,0.08605728576915674,0.11380508711444692,-0.8985451860868723,-1.380765643693855,-2.2455674637236203,1.161842046221517,6.057193299962652,-3.41613105231044,-0.6650161813055716,-0.662791351286451,1.630816834595749,-0.739485631511585,-2.3965537655700846,2.7292207223374394,-1.4283712477576154,4.772438180476999,-3.2244343534687383,3.185320575356501,20.09604851415593,-7.359998948594671,17.095261069458278,85.16639229460263,-116.8196275504224,46.43740017154117,-161.99702172240217,76.56865209766846,8.973751603462235,42.534094583682176,-50.77852483462822,-10.972792920198929,-48.30175528715875,-25.96203438698419,-6.727265524438904,0.0
-2.9514901545438907,0.5988929228548774,0.7347228504913937,0.5361924910090188,-0.022464513604693127,-0.04989644039182432,-0.8423201905749816,-0.6556289069661302,-0.001701414476308838,0.024932988156775887,1.0257050500735758,-0.35847788510975653,0.030148410094284074,-0.5274148403689527,0.027328686893352414,0.09129505432150484,0.6652734460235795,-0.08203277719818793,-0.028293821561473257,-0.5908415536173995,1.20779954713528,0.2061043449687459,0.23009096698995862,-0.10089112753268595,-0.9163746054389825,0.024615940779243395,-3.6296077763531533,1.6930490186611211,4.198612616280453,-1.7808264264519382,0.32970232776725616,-0.07526613355349066,1.3489090481196413,-0.5936132593768304,-2.5194980628801784,0.23593816469224888,-1.0491756076196752,2.2341534155302463,-2.157649389045474,1.5099884788085163,4.148135639399982,-8.410511672193216,-4.237319375768589,72.35323399878858,-53.642481256853486,28.135203790505344,-133.56541279589084,50.54252404158519,-6.105391796202349,27.03041249741755,-6.428256754921837,8.121410011396685,-12.973236493014902,-86.75423081231048,2.4734520717774178,0.0
-2.963047305371927,0.6227741568432684,0.7393337718585679,0.5286561879942865,-0.022559712930400648,-0.05219558014574077,-0.8469293451410793,-0.6420999788014068,-0.08176958868373667,0.05708025905016186,1.085182195285247,-0.3854240052582448,0.04007327795648866,-0.5209905239070572,0.04518203523366557,0.06512009251618547,0.603079036181495,-0.08317645995562013,-0.05006271997424237,-0.5726436407066339,1.1898093148292888,0.23942800119343913,0.05682138291835653,-0.1765347402817423,-0.9204426899999643,1.1258167909123888,-4.11283699781896,1.6257463614854735,2.0436136085440317,-1.076931812759071,0.445572926051465,0.5130624113438531,0.7378433086957835,-1.6935397524458424,-3.3582866154770215,-0.656331909632416,-1.02089117799905,0.17799754676738622,0.08915024095948663,-0.019748208851173232,-12.138592669516513,0.6020818515425622,-8.102385494993037,41.592247156686966,2.7482596581163596,7.130025593650598,-93.04986963541405,24.57570577855662,-10.288011182291273,11.934888875252149,-1.8516414591161068,-29.329913489588733,-13.536179985000532,-83.97657894976119,13.669617739575713,0.0
-2.974407571747875,0.6464742448242097,0.7444047100186529,0.5202722320256368,-0.024180789015246073,-0.053043504172356426,-0.8520084980155891,-0.6074293078035568,-0.16293001973809876,0.08768271922905113,1.1035098178774367,-0.40319528660255494,0.040293516776094,-0.5050159154702758,0.04893698928206647,0.009097175458532699,0.5274707057262934,-0.1157473412674549,-0.07183500694819743,-0.5660584550518662,1.1856592696406687,0.24724777016712574,-0.1576689722501935,-0.21147427024605192,-1.0871896076544494,2.0801114334206514,-3.8610089805926497,1.5393455690642128,0.3125308738770619,-0.7590915060100247,-0.07253858720591268,0.9700828913971746,-0.0770046607982065,-3.599960679050238,-4.042235795436637,-2.786216684970466,-1.8125907186945622,-0.018822360543379796,0.6632542957333413,-2.172505910992752,-11.653960350781581,3.8966795245804793,-19.115282017182942,25.056320883646524,34.6475000227752,6.8400840343128415,-41.495680870318886,13.291433393662926,-1.589175191990013,8.793619742155142,-1.3017154446167347,-50.29295759755385,-15.252579908366911,-104.36938265559155,-9.848708246765074,0.0
-2.9858309166567056,0.6701640895057284,0.7491522012867139,0.509800862288832,-0.02728900655961279,-0.052455787484715535,-0.8582579922668425,-0.5539418448322386,-0.23372220435135999,0.11397630642964651,1.0893251120394036,-0.4126534270891279,0.028363891035094218,-0.4805471313799338,0.040344451838896914,-0.0830936689621202,0.443150860167385,-0.18005381863494352,-0.07985859035925069,-0.5812725705400997,1.1934455952544714,0.2086232798614494,-0.38196222345116043,-0.2768235269827323,-1.3516937402542206,2.9276309878306916,-3.115936440321343,1.2232606429339545,-1.0133633249214424,-0.39340433509791833,-0.6085996094453048,1.2641701653404855,-0.22424321447322437,-4.783253132697253,-4.036896564517446,-3.8358930469771026,0.6309991162833852,-1.4463769740358567,1.689089918416504,-4.827228752935759,-12.736714737828729,3.783195693349137,-20.051083558997608,10.437694641287107,55.133712224262695,-4.918057347315603,2.704879214838421,4.880963358652302,9.751435540829439,-6.739713001845951,56.444113921712514,30.780247695939785,36.99776690273151,-75.7339502694602,109.0837965289086,0.0
-2.997934737069294,0.694048042054813,0.7522649404294299,0.49716325769439823,-0.0325182469336727,-0.05073383675455853,-0.8655618618118618,-0.47966672559572116,-0.29003223683067414,0.12008475221111811,1.0221705028565897,-0.40231819312676276,0.029982170772146904,-0.4555245405814443,0.03867109390535085,-0.18135593383652696,0.37647659569891967,-0.24770227705669456,-0.0019667541925292055,-0.6298861647150967,1.2065708983094139,0.08393990509218548,-0.6071655810673914,-0.45361337712144256,-1.50060270509938,3.908783700874462,-2.3513889657735683,-0.23335436383755295,-3.9826228725862003,0.5191470120152076,0.19281594458788887,1.1051238072152392,0.39635879570773697,-4.52539282749284,-2.6646902176662155,-3.5333176894902154,4.621442105838582,-2.82338605877967,2.5988501747831925,-9.622595628403753,-15.742806909077213,1.1533691557484484,-9.347420514668418,-12.828495746186409,67.32090185083914,-40.99441362411146,17.98593000364749,-20.64887310837436,-0.7601583593467773,-35.743767895397426,81.60154653326691,100.99981226623723,82.11165965220727,15.299600226995583,-28.52513172883463,0.0
-3.0111389505772364,0.7193217084791873,0.7523409035041069,0.4843226613012212,-0.039071724109190666,-0.0464669829417761,-0.8727804876494014,-0.3833377033785551,-0.2832260687256082,0.10739634670976629,0.8427198792440997,-0.3344300351769991,0.11939100397860042,-0.48376106352170173,0.042440001558937665,-0.1832593001389578,0.5161885228000133,-0.27503609722476885,0.03795141953996341,-0.7290287678822586,1.3144445177700828,-0.06637426095431997,-1.2305068691911292,-0.4152220630344913,-1.0266349485112138,5.05586368769697,2.362728306084005,-1.7066235634244205,-10.597535025946849,3.3098490949313772,4.586580198618482,-1.812027120577594,-0.07430654370955797,0.5121724066167777,10.20536378316324,-0.06395522948899743,1.005188185009679,-11.94095166743485,6.857530974808034,-9.03711643080068,-86.71805877050811,-4.883048588548163,48.38857014756894,-9.48554873393888,206.97516410918772,-186.03027395407904,-26.14535904069024,-88.7854491910968,-76.8012785838447,43.43535655584388,23.456281323813943,-146.95823948304357,106.65497244223498,96.92673994539277,-66.10784434858428,0.0
-3.027737606812372,0.747310015280565,0.7490319037744725,0.4759994783496012,-0.050171013678291396,-0.030785608186615514,-0.8774734254243718,-0.2869964539445459,-0.178527349593249,0.09261408991300366,0.6037362328592065,-0.23583055087716384,0.1726181780497453,-0.5156437428652723,0.07491587068406425,-0.13090812377784258,0.7053972132888613,-0.2765117720864508,-0.025741267797954152,-0.9067766326401799,1.4775549669469576,-0.2620067020733251,-2.62516108544255,-0.033522974202817,-0.3498338367867968,3.7522709568967287,6.93107887937649,-1.049336912972199,-10.766509329049782,4.414293217218338,1.9063946904741786,-1.0230638628229363,2.2831102524871505,2.4366102699589445,7.7467830780404,-0.0037551401918406394,-3.4578565517021636,-7.370120477063865,9.084715444786694,-11.521216778540186,-73.55914100331084,26.918493548104006,74.823756515298,-179.20735363054652,134.13101573641384,-133.43467927664892,268.9135999520363,-109.64847872070675,-50.79198268894035,76.11019073751486,22.42522007827472,-110.14194161844925,-236.5813109320998,3.587324709135241,56.22892554993458,0.0
-3.0424121297639064,0.7774258888487476,0.7451508371598624,0.4749770790002762,-0.05420105686868603,-0.013396097763874775,-0.8782252355878779,-0.30550101758189546,-0.07180007765711803,0.09126088243987784,0.5541193097440088,-0.14765402299461855,0.16092604794107804,-0.5360805204278084,0.07936248777796574,-0.09337614939385772,0.8319201209830558,-0.2803819625814645,-0.026620636556299645,-0.5835088375568562,1.4935657164434808,-0.07338600461163758,-0.8096441725211116,0.7388880351044395,0.05823755402095782,-3.4532896565903233,3.3376504526827375,-0.50749291934584,2.227748957638116,1.1881921190349851,-1.5318640713556424,-0.6078803069367595,-1.5604838466854918,1.7361107896791321,4.592846798770315,-0.1884617585193455,0.5153419988505347,12.201938407981684,-3.6677570301923326,12.61085426364088,87.27322419627733,10.721668062318612,-14.945174332589428,-79.79022476571213,-156.33100763784591,-7.146965063680625,139.7552596042251,-149.42224180416088,-47.127122225550295,72.47771680149556,-146.39255533020375,18.447081109819226,-205.61243274704316,-0.8265456346806193,-3.1035726991702974,0.0
-3.0526714361349696,0.8060284639168909,0.7456979081227136,0.47385621338449907,-0.04999093078900568,-0.010275627825673248,-0.8791220662391209,-0.36334081299631327,-0.02866962938904329,0.08215696611670079,0.5877166137544294,-0.12846632571266123,0.12802610797026703,-0.5281728038177267,0.03378138914386484,-0.040996332834591205,0.8897304508915628,-0.30234583737537857,0.00979984968661517,-0.4720317455929428,1.381450963090094,0.08809983109484552,0.406418758854311,0.32969379770778084,-0.31544773785519453,-2.05619621312582,1.4766794162074812,-0.2556994960726629,0.5018813275501929,1.3188708037281547,-1.6291374567599857,1.1174053878371293,-2.7777807224684903,3.0099273262843016,1.6676453248326406,-1.1888862236690734,1.7483514093606851,3.457974610534124,-4.802836305636648,4.84318629926294,45.702752004342535,-20.367807903055095,-21.290731775744742,104.35511663191079,-56.63473716473871,29.618612081307123,-155.3071666600943,61.619141900999715,7.973177996479126,66.825008728494,-49.30797132649987,18.817231192752676,-114.59596563441659,12.832367348698886,-37.35557542615108,0.0
-3.062227960305034,0.8336833858835251,0.7477268643659049,0.4702278430083817,-0.04554524686032602,-0.01295051002358595,-0.8812739020521634,-0.39397263185674564,0.0004571385465201379,0.07628614577223791,0.5799616324236073,-0.0942321927909137,0.09435051241002303,-0.4961199400278548,-0.01734164194250157,0.019216930556861522,0.8950722442695371,-0.3311340646700401,0.031277728042329506,-0.4839772686684472,1.3902155783211134,0.09789346858060752,0.41260692643992264,0.2505565541733397,-0.5395933903495442,-1.1862643405943023,1.4942621852848246,-0.2948222218988392,-1.0164658513755,2.000768451052216,-1.592754229072216,1.7907030203790435,-2.416422430823776,2.7735827567647267,-0.3996004050091808,-1.3668958852553073,0.7850871322733559,-0.7792670843743758,1.4263333154211084,-1.49517877552435,-3.8397920700715193,0.2309821914194795,-10.79180753979029,28.11032810265596,7.786497584343207,1.0696448931494233,-55.50585812719602,25.528620818145786,27.687354539713507,4.627978485322138,13.917824911766557,-42.83303879967278,-38.312817575577384,18.650563305400308,-22.151580877539704,0.0
-3.0723671170442217,0.8618336894220007,0.7495202643305838,0.4650772633914225,-0.04241341539298782,-0.01499590841144393,-0.8841263280787214,-0.40950915362843227,0.0331310557204991,0.06803257231742457,0.5467328438707416,-0.04833389223987187,0.06257179246363198,-0.45679521094865794,-0.06158034826509693,0.06097517431578807,0.8802568646446131,-0.36114817086490203,0.03555796727111495,-0.5255630304355196,1.4292896246962683,0.07213373347883989,0.1864520260856756,0.16771398679740698,-0.6557639673859681,-0.6016710085982421,1.7803403904398147,-0.4969369676281563,-1.965601970019371,2.430656132695957,-1.3345715040784236,1.9453151606339123,-1.9764343092620769,1.5330010743503282,-0.7169493125540622,-1.3598967595904767,0.05532019593518605,-2.068085048436884,3.0117419646842674,-2.7179172767863857,-14.487361797640194,0.583730297199458,-6.381954021123265,7.292753282810437,18.868279258086293,-9.068836922724286,-16.799835660002657,7.608981972417627,44.94521453860456,-13.47202321657082,32.58919639973046,-59.548240687076884,22.306156948891918,24.436669557363036,-7.2815312347963355,0.0
-3.083317075973146,0.8909520431689403,0.7505569037551056,0.4595114851880348,-0.04073960303142186,-0.015336680053693697,-0.8871044278832447,-0.41776973365875325,0.06988611297861975,0.05428351488562479,0.5003660784709094,0.003957898198966841,0.045915738061340694,-0.41597550670422684,-0.09406463638399253,0.08135585171936174,0.8592752052355125,-0.38635713782150777,0.03604686573525732,-0.5646347488693472,1.4836750576183602,0.02372203904792969,-0.020629263978079095,0.14046192360517848,-0.6354432834843049,-0.3862025174868636,1.93299666481395,-0.806819201489832,-2.4287202236797976,2.6809995993177753,-0.373447957482987,1.9533068676490002,-1.26390135500956,0.6509723198118136,-0.9672873923880151,-1.1049505271324074,0.013152519853363395,-1.8497369966721384,3.474989376969531,-3.9712217249947246,-12.259139069524677,2.4742575369715047,-1.6431567853345532,-5.441468095867425,14.110661366828447,-11.58524173296921,-0.7235907740026751,2.2294911341102903,48.794373516632646,-20.45419325256594,45.403887949990064,-36.63697021549798,30.828265133582118,20.158984883074687,-0.5720318976973361,0.0
-3.0949080146089147,0.9207910630702649,0.7502024785842117,0.45459316433624813,-0.04022626326906793,-0.014855831526540662,-0.8896663458577146,-0.4234921330949102,0.10619031147581141,0.033264429771911616,0.45045951967882364,0.05603234460525814,0.0469565733548264,-0.36725056310127663,-0.11206104217681474,0.09149415442791439,0.8071851389093707,-0.3912972705720889,0.03773207890995336,-0.5851004117440379,1.504516828417072,-0.07010720162822649,-0.03684126112625889,0.059928579142570514,-0.5317162344902281,-0.3484470167836518,1.6882099671568367,-1.2715995597095817,-2.3728896407048556,2.39813903834353,0.34423324339597555,2.441140843541119,-0.6078076667689394,0.4132190456510951,-2.9328240843501465,-0.07626659588805722,0.07964164112110829,-0.08519925890032662,1.7523993370016928,-7.0333048549422905,2.5281861974232207,2.0257693324862354,-1.630549623564263,-15.819147921600756,-16.73149436188553,-26.891872996012548,24.66115087716683,-34.43592843177906,27.14468340779713,-26.017295877337133,30.69471282447963,-10.057524645022822,28.882925899374857,1.4738657128441783,-2.1054725338016893,0.0
-3.1060709344925916,0.9503285751636977,0.74766535027526,0.450731251730885,-0.039461586664460015,-0.01658425832208503,-0.8916328191957373,-0.4386812211325958,0.11142041850036045,-0.03122965752072429,0.42834680784403717,0.048811283079911075,0.03256927464370791,-0.29874439111125706,-0.12440294229242421,0.0990490407943836,0.6663527061572276,-0.3362545529308299,0.02838227286915579,-0.5201736773072061,1.474662306552632,-0.18454943956200337,0.3663067170194422,0.04527888083427631,-0.6382532895908517,-1.0434417268181586,-0.3750621512364391,-3.7374710917596996,-0.4611021113603103,-1.041091196217467,-0.4457937813149402,2.695999757910144,-0.673166421527688,-0.019787493558106828,-7.267937275791525,4.612727221367738,1.9336972386706026,9.237811780039028,4.325613664036709,-0.11975894163518692,8.177385811609048,29.226244359999118,-79.97386874066622,-33.02214049510145,4.98433913483938,50.00359561812769,31.870336120635407,-6.48444795578861,41.93311452225958,-458.0975514943013,-47.0379606406449,-294.8565133983696,426.9007294664356,963.7506389523087,1373.3440216935674,0.0
-3.115009997439266,0.9808880895554065,0.7454699592555795,0.4441427281046172,-0.03611042434372544,-0.016003378963593214,-0.8950850050063688,-0.48692606973857516,0.10705521432026825,-0.06541875273548343,0.4957664300413367,-0.04863261397922427,0.009854661958594961,-0.31219458174993453,-0.109938778154344,0.08512087050513381,0.6096350500591279,-0.2150781156284289,0.07078819464472948,-0.4044933048296892,1.5348021644729055,-0.007171109441229173,-0.1641227731821659,0.3588164140018498,-0.708915435396178,-2.5048258356962325,-0.36518328582381576,-0.28233491315921194,4.345726381667709,-4.830595297012073,-1.087037401805598,-2.194240774783546,1.9021832029151045,-0.4437856834795261,0.1387450080643894,2.5469239644727644,0.5592476180888636,3.659115013959028,-2.917096154694664,11.643947251536359,-14.943833263388155,-12.601975186680118,19.551178285011304,50.30228991582702,-61.522890400683835,90.69738356111316,-19.709571958051786,108.3504903245719,19.711429048116116,-33.180823960034914,55.89797327043011,-6.761743880052603,115.98986327231802,-210.90886164832133,-144.77870846990476,0.0
-3.121717341263118,1.0109655370248432,0.7460029536584653,0.4392873272317781,-0.03299238780569196,-0.013961467744341033,-0.8976320091768468,-0.546241730942453,0.08288265157894768,-0.039959228998628284,0.6393133828053696,-0.17091478285035133,-0.005937864283770194,-0.36304219683331984,-0.07230725043184955,0.07547347405916739,0.6265138991297687,-0.18522736925612618,0.06380729197027485,-0.29113507224785234,1.4583995383947574,0.06673645500317853,0.06998179847422259,0.2705161482254602,-0.39441642572512237,-2.4702409314476785,-2.196019927608,1.8507506040515846,7.144042052380806,-5.231931112879374,-0.6582962645435703,-2.265384391669238,1.6583679628635126,-0.5551366821242761,0.6062271459677617,1.3079210432980666,-0.7796197614309196,4.152726090711864,-5.930602640633658,4.893281064748459,17.474055852904502,-16.747081651014422,17.129835071446212,100.82163464328582,-125.9333015194151,25.01195679287862,-128.40604930978589,137.52838651584068,10.37353157067266,58.914559646109076,-34.18335310094429,-8.567449076689885,-67.48475722818907,14.692430727812443,-29.03769294193968,0.0
-3.1267796427681187,1.0392735620105895,0.7476816265928452,0.4358250303318939,-0.030684783437534956,-0.014898557014204132,-0.8993848008502758,-0.5807587599621561,0.020109772623482836,-0.0014768175391377735,0.7657226117116552,-0.24893922308034583,0.003286751285477265,-0.3995378542722557,-0.0425510585280851,0.06510757709723584,0.625680997515484,-0.1528948339170884,0.044638736252242475,-0.22808988685055478,1.3802450607650192,0.09688237302781809,0.2480152474100593,0.0642500921321403,-0.4105798553724025,-0.9332207547662329,-3.859778819543406,1.9636061433031728,5.020295628543655,-3.0107483974419806,0.5622182327116501,-1.4135903350596664,1.3580036018145898,-0.4791744333486737,-0.6188627304293215,1.90048381284337,-1.0652253983812772,2.3131454829116187,-3.6616590651779823,1.0148415733115321,6.840098113622783,-11.739757542115854,-3.315670634619006,92.71241065345977,-72.88685561380423,4.812938370600512,-170.4338696097087,79.35911566973034,-11.17781791456382,45.44809040504518,-11.732380986048726,4.898508809484655,-62.365855104552296,30.967457413602315,-9.220670730049685,0.0
-3.131314930742176,1.0665722220527345,0.7495147719991044,0.43055856743899157,-0.029995899464810388,-0.01670570809461793,-0.901909355388466,-0.5786778950860139,-0.057451585761125745,0.034321052878005055,0.8152729302563477,-0.2625108683704349,0.03430268830779806,-0.419803884673686,-0.012656725086443322,0.0564530501442149,0.6001265942158117,-0.10764672698620753,0.023441485116084508,-0.22869007814478198,1.35853804536542,0.07252857535695453,0.08444924747125807,-0.06657830740046455,-0.7277319714557862,0.7268792184274442,-3.7991935402164443,1.6210088321124818,1.0498615354418601,-0.13025642663409914,1.4881770920247193,-0.7651436970296777,1.6412705781426746,-0.42207085612835604,-1.6941906252382846,2.4958853660497446,-1.1074548952335204,-0.41832067533917355,-0.2016286154596218,-3.347830217420606,-11.522896963658749,-3.9080183791037997,-14.130388963598191,51.63489347002448,16.373423001118777,-18.410706678099487,-112.35720248497681,17.044122302776152,-29.528740602051123,20.545426529936247,18.08900190932873,-1.329943930105602,-35.675160076523994,20.424770401258076,-6.946518696231506,0.0
-3.1364046590127943,1.0938358506227983,0.7496123742125849,0.42293815864326634,-0.0314267284893535,-0.01701359073949859,-0.9054535948518008,-0.5456754493152887,-0.1236018842046986,0.05550571443702964,0.7732718097293247,-0.2164757361560843,0.0729241830270563,-0.4335950936313107,0.02019534887984618,0.040182359293063914,0.5683719733348974,-0.06541193530295619,0.005666410951904239,-0.2757852684740657,1.3725596866256857,-0.0716547556230824,-0.21524421725636966,-0.1837643491546639,-0.9138633351745906,1.9659026585819683,-2.809692687427196,0.6130432283119317,-3.1707118139947807,2.3475476089400646,1.728860976732597,-0.6718300038403505,1.5927668844160285,-1.2889066203311597,-1.4784214783096299,2.0406834087345755,-0.5673437943041865,-2.0790815548861206,1.0631373226307013,-10.145408575101689,-16.473164209226578,-2.9166703221148045,-7.118109362592909,6.075322610712723,58.08996121845215,-44.1690579218638,-22.276223398401758,-55.84839861168743,-35.51410355730735,1.2576464750450147,-25.383762248253532,-82.30978309929021,4.035547075116017,80.72347484419252,-17.166799322977024,0.0
-3.1433091246208322,1.122172286605224,0.7462090795966345,0.4109238662126503,-0.03652314673840837,-0.012997310718661592,-0.9108450504027865,-0.4762259866545827,-0.14207916935255646,0.05731726022646889,0.6012249052138487,-0.14717382769563075,0.10594693637390093,-0.46780919819183897,0.06978675619470337,0.026160088011054666,0.6496028469274518,-0.12163029858658625,-0.02861599462172408,-0.4111395832538899,1.459773819489779,-0.2610268722023046,-1.1056168049018322,-0.38462497726916434,-1.3772708903711943,3.8096162593675187,0.5050521932223309,-0.8012105613490366,-9.911824941788751,2.8298465071782237,1.3850510770548854,-1.7725569063013953,3.029794056605428,-0.834786254715444,5.766820229806976,-3.071621532307287,-1.6669885123813997,-7.487507809293342,5.258114411021966,-10.760891846112232,-60.1486091499741,-8.211718734621517,7.510812312473936,-27.22593387847564,147.05087556604775,-127.85102344388196,64.06269334208623,-107.84916489790508,-31.07647847986181,39.600422293467055,45.0664227776164,-50.37648427149261,22.223029431315517,81.55577554597537,32.069860493242025,0.0
-3.1518623424585153,1.152228475637554,0.7403281674481207,0.3993759248140941,-0.045171154037205515,-0.003734600394567955,-0.9156661456457403,-0.4260616385534087,-0.09111024423910821,0.06268787330048747,0.4396935340224907,0.016895865927032495,0.12653943778448326,-0.4926603450847977,0.1176503350833905,-0.005025636494813026,0.7628726257960526,-0.20337224144296823,-0.057745300629844204,-0.4061058027871924,1.537833049575173,-0.27614236236936057,-1.1853418740697277,-0.35166422621315596,-0.8775189911676149,0.38722863832787213,3.431040837836636,-0.04102274050135703,-4.05308564682449,11.896362706663387,0.14554834836547395,-0.6427760085284622,1.5281295885098196,-1.9280020673676335,4.722159355562723,-3.668037761590718,-1.1926740437074586,2.302605162133165,1.9650042809554986,3.2596381511087036,11.873955013190004,-0.61973701854733,32.2885388028848,-174.75260381525553,82.8695086332278,44.99391781186169,385.6028849498362,-59.5930101990075,-90.56610861825386,87.14876194255905,-93.05879654357412,-6.290487974425088,-136.94625615458727,75.48736600036158,28.665014398213025,0.0
-3.1579101905363247,1.1827668706097785,0.7365111616169097,0.39580739241903523,-0.048946725933643756,-0.00022739530127787114,-0.9170281753676911,-0.44912237670539434,-0.04310431111573669,0.050461752265310314,0.42508225465299354,0.12582438278360497,0.11381889135684796,-0.4980189827596001,0.11029793990747426,-0.04505153709841671,0.8527417223672875,-0.2728191645746762,-0.06891675699757378,-0.23826673062001244,1.5046585639842023,-0.12211773387766492,0.016065859383565778,-0.17281276941763532,-0.11641397793023271,-1.4216411180209718,1.652652047975066,-0.8161371239455799,0.03463254116166081,2.2550746755262203,-1.0288980580659497,0.2987407063300595,-1.4816828712667245,-1.5025724515614645,3.813527580250787,-2.904921033978193,-0.36757944266329967,4.866593223415408,-3.210942634025524,5.966386983671098,45.76345463478009,-4.5386838895742585,12.566362093277105,37.88427797487002,-63.467521555238854,-0.8577065176248226,-48.9584424287476,-144.32909318220348,-20.06292747719371,76.13417422932385,-83.4577772210234,87.72518016158713,-96.86744933454271,68.77404260704752,10.129061647033836,0.0
-3.1619617417204715,1.2126001443342318,0.7347838630095864,0.3929097838370664,-0.04936057193934315,-0.0038694221692531817,-0.9182431395197058,-0.46910008972614486,-0.010918272009304225,0.04509569881743611,0.4127590816260803,0.15455582571910553,0.09159605365373961,-0.4821671144263844,0.0762765629527005,-0.05428004312803485,0.9106822940605094,-0.32952810548047007,-0.06859460869480437,-0.18175663849393187,1.4861836052342279,-0.06865860898692948,0.47355441273652904,-0.1774716756063253,-0.5013011121529908,-0.6294675382460271,1.7140193808597166,0.28654156173876333,-1.2142433149389975,1.0600782663394575,-1.0329428311235693,1.1647060195620562,-1.7926581675711464,0.2677572385705673,2.0906258078923856,-2.442498224525986,0.06634106432390162,1.7665236119400582,-0.05314836084618729,0.9455093158493919,13.950591979235886,0.9075564419229006,-16.583538113241378,36.12143267100698,20.74560266418968,67.78157166457207,-59.97429316399258,-29.210247441507,23.45973816452421,35.774637682566635,-5.113652879659002,69.08018764062983,-86.90117632871741,51.018977912847284,-1.8341078188764186,0.0
-3.1655868391514734,1.2424138651286365,0.7333781458350537,0.38783735716169165,-0.04934858618602103,-0.009814754845653728,-0.9203535038334969,-0.47346228425915393,0.026092536562941256,0.0566612030174988,0.3761728075139536,0.17389643723858397,0.07066358708454033,-0.4512688213950505,0.04410242726127665,-0.03158189125788369,0.93751924418149,-0.37152858257194454,-0.05389016821694163,-0.1814793450490481,1.5009011238301846,-0.08273958610695248,0.5233267392950335,-0.23205098771612306,-0.5910626733931026,-0.055233353255504276,1.963686636218217,0.771975359163194,-2.068904040886418,0.7356129394826632,-0.9483507010583301,1.7637251827687774,-1.5297773692227243,1.5460176674492054,0.8415000157030469,-1.7550701588382498,0.7248016372873778,0.12612129942963873,1.5912878910802062,-2.157248007092556,-1.5263051483179289,1.7594638902741513,2.820576772918546,3.333569970165257,4.271896355894316,3.9798627344388806,-4.945619362400399,-48.19507838301438,3.647400602076085,16.27069176042398,1.7226462040085473,23.524789018249262,-44.91377668688156,37.99112086247627,-15.649192988830515,0.0
-3.1691327413454506,1.2726537385626229,0.7317297289726893,0.3820760618307778,-0.049344675097931195,-0.016496688121472713,-0.9226650775315959,-0.4674833732061546,0.06309717679493781,0.07073116432798908,0.3238813635829551,0.17872585401147018,0.04237230082928005,-0.41079334748144497,0.015059223872946833,0.008526144471834269,0.936886033997001,-0.4131806095363123,-0.031700034957826626,-0.16996939523477766,1.528754012096689,-0.09481627525889288,0.6143209606768968,-0.22228838619853322,-0.6649331085677146,0.36290229146199865,1.729792190070879,0.562099747932221,-2.7423324733796735,-0.39324873599091736,-1.6127086028592477,2.046561091977694,-1.4839466467963611,2.0938159326079564,-0.417429720093472,-1.9162821698386412,0.9972453288614228,1.0460906732507003,2.448485664177844,-2.3572577338053815,1.469831272259726,6.865768500543726,1.2070795528827984,-8.062257800776504,-14.445532248712615,-21.70636511260116,4.944610843053869,-78.51776108681543,-7.702532918225981,-11.334315731854243,-8.605892148278826,-9.845302695965668,-18.435200956179223,33.13818388455845,-22.526155392515214,0.0
-3.1723438428321034,1.303624489501422,0.7295402268022539,0.376162801486018,-0.04845176573183812,-0.02369237795380306,-0.9249825103225203,-0.4600625780953371,0.09280515594550513,0.07444457533321637,0.2698762209920586,0.14695393857585304,-0.0017560933277574694,-0.3660517259164226,-0.012414892312750088,0.05739388216678644,0.9027873151334004,-0.45061196805490844,-0.005924279417193953,-0.1478276534166822,1.5707732953019569,-0.1365213778556713,0.703492475389463,-0.12042593030668755,-0.6750818025332094,0.2430053283804833,1.309136298062523,-0.0499903959029863,-2.5767377423270004,-2.2963177489814055,-2.1054771272401176,2.1069651667257814,-1.4024534469161714,2.4266815833570017,-2.0657396976269697,-1.6887520153058941,1.1335583901298054,1.6554416617967673,2.679388143398767,-4.299441297992024,3.43261145743596,10.053606029474135,-2.6680857182268096,-18.239141739166435,-22.58433378821307,-49.71574147342809,15.934944688573012,-107.80579505979986,-78.50784823242674,-33.886730934837786,-9.086590054613731,-22.003905797162112,8.372872171526543,25.886331984370454,-26.021340255170763,0.0
-3.174914416939737,1.3358936414678488,0.7279324146948954,0.3677344284290109,-0.04715697300101158,-0.028939535092818432,-0.9282834229662736,-0.4617017463531619,0.11944228172895036,0.05802048805960423,0.23603525949962298,0.051215344990266115,-0.04162708787104686,-0.36793479269045964,-0.024409846706112053,0.05674548142961152,0.8729968278734049,-0.4151608060698512,0.026167811735292285,-0.13292190188704525,1.6426004589258245,-0.028330782040893298,0.2574845210315243,-0.1499192291664608,-1.1394653628620919,-0.00431014834754305,1.5031784546241156,-1.1827374100221355,-1.4677751890033395,-5.789152425228026,-1.1015293839790576,-1.5873264545967496,0.9366095928382723,-0.6325579725512912,0.09557889068972067,1.593070070546908,-0.0054924800929782025,-1.939661399274071,0.7409269276201949,4.542635865931219,-19.348090303687368,-19.061079014363788,-9.95218129026541,32.79489382933894,6.579999664470547,-37.88493248328502,2.1075446320707227,-60.77884370900829,113.62296121812493,-49.88422241294949,160.41636110445407,33.989461274277915,70.0406288311034,14.116044604145513,-156.58184053684215,0.0
-3.17653765853798,1.3687937240024222,0.72909991294221,0.36015266250490335,-0.0460328869948638,-0.030988827696543448,-0.9312414969080474,-0.4993894781436514,0.14016073271413917,0.04064954367743025,0.3107541591178427,-0.038273307435545495,-0.04140483924247923,-0.4032614838267504,0.008165250433434353,0.0456672915566245,0.865436097873238,-0.3684300343289388,0.002498826215381068,-0.04732784305624228,1.6096139599006563,0.1382952382631839,0.2528294940234623,0.015951781648570647,-0.6678864602778724,-2.1873598048505847,0.3701174438767755,-0.2498646004361969,5.727193458873888,-3.117876643849675,0.239476286274941,-1.485480368603605,1.7155845886689336,-0.4834787199075396,-1.0294823296623845,2.7977983035938996,-1.6266607583166997,3.306152471209419,-5.675179999419373,9.51293252354231,14.988435011669738,-7.537371799630117,12.09312474825371,41.37980109906225,-94.98127627056338,47.23863903104942,27.556957732983214,141.50208872406307,-0.29750182427794414,53.31585689204741,-16.48946630951708,9.58230460607295,-87.51458179985455,43.803725708227155,-19.013990808796784,0.0
-3.176147968045992,1.4006559357427948,0.7321287558288769,0.3546672980830356,-0.041140496701156305,-0.03348782168692874,-0.9334865467698638,-0.5641116995874326,0.13806373984270653,0.05944190026828064,0.4839448130880528,-0.10559889735052137,-0.02074861527403832,-0.43799126984513287,0.03914646919451064,0.037771524115289314,0.8360515440897922,-0.30602264068840623,-0.03184920993677351,0.06458516178068788,1.5623163854063407,0.1784787442157744,0.5453011538772301,0.5411984890045939,-0.6315752182208288,-3.0885628435564643,-0.8162633514452597,1.2453310761759302,8.320209958197399,-2.544310304877964,1.0050842292790754,-1.731730889211096,1.3268510123871042,-0.23140085227542803,-1.9427082318480193,3.379299822653978,-1.6620286770948576,4.560658957842454,-4.20441424672256,3.7933397414745373,22.93622202387378,15.196746754967009,-3.1831043024529806,67.80402632909934,-99.77250848715543,-1.6986095932154797,-178.57763705930427,94.37484313344105,-21.622077826447637,11.049298718177885,-29.781881843564612,23.375389331842968,-57.55511394192286,28.774172936461458,14.95879728855502,0.0
-3.174455919302001,1.431326983352909,0.7349665361681035,0.3497041615681547,-0.033440723450865746,-0.03740792056253916,-0.9355155610016234,-0.6277825443232425,0.10563506588573539,0.06773490055067138,0.6667317168761292,-0.17804856199226152,-0.013711417028799733,-0.47106526591042813,0.06320326884836384,0.03415010057659807,0.7944170675225626,-0.23863856403875,-0.06207425361860077,0.09470246185324248,1.504705732380222,0.1250366275630831,0.7092500759467083,0.5464147155858993,-0.5716774377963655,-2.6326360195415557,-2.193582116239303,0.27791698121726854,7.984696373171105,-3.140247237799634,0.15690732258883408,-1.4959046937636258,1.1070406065091245,-0.039362408614592025,-2.23495126179303,3.311604641236372,-1.3522939683521003,0.8580025343450196,-3.258624139390889,-1.2385907677528918,12.83977510022119,-4.8685780832562,-1.2785714613357784,89.60403287182692,-56.812269436653516,12.54794781440269,-213.35018078768738,79.26496067000187,-7.7408646152380545,17.914721221439038,-10.942455459690072,18.983278190094317,-7.688099630676794,-39.79845938395315,14.771270486469142,0.0
-3.172697824262187,1.460900101728435,0.7368533697193522,0.34505301668090943,-0.026915533609792743,-0.042675364868666237,-0.9372261109055962,-0.6703328110353051,0.04996596072751845,0.06130730498389778,0.8139310162627645,-0.23719214856931287,-0.008878529265291427,-0.49515751040644995,0.08589381767883253,0.03458701546660437,0.7484480083611922,-0.1825958533961579,-0.08764512628580176,0.08066636993972795,1.4584066791871833,0.07558091275976477,0.7108948136810295,0.29735809844508043,-0.5502008517342069,-1.4457343401026308,-3.043777400737092,-0.2779590951982352,6.023202378211936,-2.430716326547689,0.2285303989274401,-0.9732264991662188,1.1353721219169544,0.07034475281869844,-2.2876943910450027,2.0811153847804675,-1.382427972250934,-0.8840227166695243,-2.1922621553763673,-1.9733770350325786,2.674199497801882,-13.385997655110657,-3.4578245717101286,86.50123993232403,-15.451534045711615,30.675201662058402,-184.20469803951966,59.55342359238735,-3.7854385857169683,30.241234080060913,-4.470445792433587,-3.3193111199295444,-3.2920895884247168,-114.81223594808237,-97.78566760168705,0.0
-3.1712885433208293,1.4896997688102063,0.7382190409202459,0.34030231211891987,-0.022878878007062647,-0.04828063048400775,-0.938797035587417,-0.688108107946054,-0.01459102970199841,0.05743579383010974,0.9230092225520997,-0.2748033934371589,0.001301454117780466,-0.5066326477582104,0.10542996544380076,0.030619908801609596,0.6945825762620815,-0.14389424554604763,-0.11386719776523992,0.06291164077929946,1.4293634171768979,0.06319382056717604,0.5995255176827852,0.0790226322684216,-0.5647367411086892,-0.31215177654078385,-3.230415865941353,0.07111272635736797,4.489764693790339,-1.4418335064802252,0.48537846808280377,-0.3847168640682083,0.9042887307182527,-0.3551328423176706,-2.754889317037019,1.4333646594675462,-1.2028651440598694,-0.6568373454104185,-0.9581526574873227,-0.7311598396559822,-4.2030062633029805,-8.437046450213334,-7.032139231906662,67.70346752347277,8.73060330482917,38.190300461903995,-130.35291083250377,40.81273231502439,-9.311739927479687,14.960358309432557,-10.803243294619508,-24.548323681224453,1.111064964752095,-86.50752959092124,-33.70216954472635,0.0
-3.170126549487594,1.5181589424148199,0.7399174185775549,0.33471331276888777,-0.020826533738848577,-0.0530586572712181,-0.9405945102095148,-0.6807700407276547,-0.07876450366423086,0.06232692677412475,0.9914253046258273,-0.29897815630251967,0.011114321941953819,-0.5116578983298894,0.11775178739676216,0.012168418908349654,0.6410634683351826,-0.1491030897682322,-0.1328671958801263,0.05339770928890907,1.423317231570301,0.09740726528499305,0.4030213061859196,-0.03205909205368953,-0.6826624253828859,0.8930216510117266,-3.0519273206056474,0.47200542199917994,2.505306952478337,-0.9896585652132524,0.42030647142877203,-0.16179746369304607,0.5228913605947482,-1.2237343048267704,-2.6730010492103755,-1.1137123276805683,-0.48285446221914013,-0.5594092912665778,0.4863835387172357,0.7749820772151567,-11.242373246725643,-2.4883139318174896,-11.407758140448117,53.405434752342146,26.862191242027876,28.470363468922198,-98.06400777551255,22.47299431821835,-9.45587680905001,7.878453432708979,0.5098810080801579,-22.463248688256435,-1.4730487002497514,-73.63834851662708,57.681183551018805,0.0
-3.169268297841707,1.5468363307758193,0.7424298078739421,0.3276661140960366,-0.020475126323646738,-0.05545415285238862,-0.942942481706418,-0.6490008772880227,-0.1371534109851144,0.06797884772223067,1.0169871583573944,-0.3162014403771392,0.01535436248307766,-0.5130586827402568,0.12543925039466272,-0.02407617987766624,0.5906270781177942,-0.20573133419383513,-0.1199243978440656,0.0331141755828531,1.4476744090189901,0.1363855815402806,0.04114264631983825,-0.09485359041334306,-0.8362808408779623,2.0235830215652686,-2.6554196064103697,0.2617795813684151,0.5751154075766391,-0.7504503486078729,0.1489265719994599,0.04709820166166885,0.4399635067812235,-2.1201253851808803,-2.577584020632105,-3.667198709388421,1.320123525238762,-1.098697575159969,1.9277794403170456,0.0898439705606765,-19.07728877260143,0.6838482887950645,-12.226125944003861,36.79615353067224,39.57804588388809,6.511977845456094,-54.254904166063625,12.538932847905281,-3.867947695505847,13.805058943553906,19.493550194137217,-19.187368567944063,-13.832782332735507,-65.21144536573415,60.26170232672765,0.0
-3.168964722953462,1.5764775166850273,0.7451859166039909,0.31947129500200017,-0.02175858432468387,-0.0537007383080995,-0.9458228620535118,-0.5992593635556891,-0.17828999729388506,0.06490396236198895,0.9977434271406452,-0.330650361525045,0.024206838224546164,-0.5084790110332811,0.13265455898723857,-0.0803249203452149,0.5354888731604028,-0.28126939337953116,-0.046028914439090914,-0.00018425217139826644,1.5476156616948282,0.13234188911573042,-0.5678873628892842,-0.010431442901701747,-0.8977789947764321,2.5117897895616017,-0.6113977659886995,-0.6047382664248023,-3.16950668417231,-0.7565328903700446,1.8886908133909066,0.12968678334220118,0.4694371483823162,-3.405807456243016,-2.3398213794918465,-5.810686795501462,5.260633438999314,-2.2775957534319256,10.686605255489717,-1.712372573717426,-48.557681181146464,17.524749772083435,-6.736221121169638,-34.6614023509438,249.4106289451455,-89.97914233301664,-251.11908379536445,237.90134128466198,181.169297890846,-15.70040050882886,18.584002596508913,-87.89869755128582,34.50874469252742,-216.83510154999584,201.29870926092732,0.0
-3.1691777095626743,1.6084055988128934,0.7453108696794395,0.30521667276091036,-0.024351809882834537,-0.047412822039887045,-0.9507900905722592,-0.5302090578212381,-0.15185484189140752,0.04730121449049015,0.8408628576094788,-0.3217221768210201,0.12186865734724334,-0.5681645351881807,0.1565675904779179,-0.11777122918364691,0.7068771591214545,-0.3347685026481957,0.02464105765115326,-0.06498026882152691,1.629226549517723,-0.09387463145605407,-1.0649085456494907,-0.3538898637987313,-1.483836557625419,3.8186400581117765,2.6654596748479613,-1.6632493933284433,-9.288793469910406,0.36195992157213336,4.687928103993617,-3.2348667837767553,1.5898875777989805,-0.9074631983863822,12.542839338182713,-0.7841389563080383,2.8265743339273834,-8.227099049403849,4.292245744200702,-10.446847932300296,-51.98945231796838,-31.882364777241186,26.315547147244153,-0.07263809011675593,142.61591856097505,-115.64909185692358,9.162601772163317,-37.489014274735425,-89.942157602259,102.82545495071362,25.992221074744837,17.78974370277985,65.3608238803803,140.0259617127518,-66.13866358977616,0.0
-3.171979340203683,1.6417531369671652,0.7420616246385987,0.2928737922389635,-0.03404237265586198,-0.0359940773602798,-0.9548667368164583,-0.4405655004714713,-0.0694277133388238,-0.024952061216428532,0.5940059572353918,-0.2760367870500219,0.21087084657944863,-0.6234380168284009,0.20148479752658993,-0.07759592001203712,1.0167511874740869,-0.41488059503497093,-0.02805416998632537,-0.1680241996440071,1.721647543228914,-0.16939219479233905,-1.7486401779178902,-0.6910587256473649,-0.3745894568442807,2.4039057795424896,5.707832548843493,-1.7456353353237941,-8.051022360526938,8.313262768736577,-0.8630175973871723,-1.4382144249923803,1.5399582237169338,2.2659620760206765,14.491901448957186,-3.7993066974434218,-3.2264369965908735,0.012217592741618925,5.734100760525353,5.547117012964941,-24.48705320100994,1.1708933821953695,135.8295573123818,-347.9586654661093,118.75921482937517,353.4032855228815,773.0757231313736,492.95323242111925,-340.6039464703791,201.03111994565253,-173.2166010974042,-55.69262782759411,-287.0382922176828,90.05968451802025,42.84525917896427,0.0
-3.174788496253518,1.6761343627070264,0.7405844245567144,0.2931378537710661,-0.04410932741039039,-0.023444367303107397,-0.9547643309024767,-0.4140682143828607,0.08045790839994094,0.04229197186358459,0.4714486272220918,0.002250605845623508,0.2162241859959147,-0.6014985351350486,0.19265233546108756,-0.026439791794299908,1.171079710471102,-0.48099259452022103,-0.06687583230016138,-0.08631409679541709,1.6890812269426743,-0.011656098701732849,-1.1385967381134552,-0.4522792013263945,0.6106981684831491,0.3772537976691645,6.669930459768953,3.6508559149135076,-3.8514151517602615,9.365404448571159,-1.456218344726084,2.611083738094137,-2.4967910910943614,2.702459562781696,3.5052083314934777,-2.9981250961446735,-1.477681332536837,11.448165200584018,-6.266613322671454,8.431935171211055,66.05593613040601,28.395291832427095,64.66674256841846,-138.98172670671,-348.47012232953,-359.52632815112673,323.4064793373429,-1132.5595308626846,-437.8434418158811,117.10955583399817,-282.8713517172592,16.622282747089173,-374.53449664367486,38.93829451865557,33.476987265904924,0.0
-3.1749014894255314,1.7082715500938568,0.7413875096030753,0.29730667571189573,-0.048473170280185836,-0.021607751662895473,-0.9533059306477669,-0.4049296139048095,0.17619306388816822,0.10838278749409294,0.4084416656620224,0.07038218430258261,0.14763224381443876,-0.5290047939018361,0.11999970485753007,0.0563663779014853,1.1472166668180814,-0.5179477645012804,-0.015699458624045266,0.055138503240469885,1.545680467345013,0.03770356841751544,0.37107555907892553,-0.2569953326933882,0.3382125059969294,0.7157741886579883,3.5669581578481346,3.6347803158533276,-3.4612103164583896,1.7696551901245,-2.1431775110132545,3.8981337452047797,-4.627347095154714,4.73632786695463,-3.575560723280242,-1.5018249127611882,2.8400834804878743,5.55909475824173,-5.864949831351424,-4.784111337230298,62.93121480388993,12.608052044291064,-13.864711227539482,40.31416610750952,-87.66482003221796,103.7002903200341,-82.1495172595493,41.8885804982727,275.39506591745965,-11.911358137287742,-101.48439403071139,26.580444812619486,-152.27323722442384,19.011023574650082,-51.42791887131865,0.0
-3.1727366240310473,1.7386196460536656,0.7407285989682376,0.3043783696152958,-0.0474543659037236,-0.02819328411358922,-0.9509505928269362,-0.42037237654737025,0.1986911847413074,0.11151022801614364,0.38908267898668075,0.011067536097745308,0.10322244760676316,-0.4345918671786856,0.022228268303025177,0.1492824223252545,0.9643821250982608,-0.5229033548187924,0.047309252446645175,0.1538004870976018,1.4946328267191782,-0.12513888038012225,1.0387955754602052,0.05907381294622976,0.8054235609242815,-1.5637042562415118,-0.4339273904583738,-1.614939865738136,0.06095953347789451,-3.9667827945766567,-1.4132561910149026,4.620802803191119,-5.100128661751244,4.359567506977474,-10.9564019801983,-0.1009623296130307,2.716876440619864,5.183053068960183,-1.9236217199036814,-12.565633201671053,40.72975799286986,19.579425785193493,-5.578932028585102,-63.372394885320375,-133.16010138218923,-115.34696034321726,59.132911262358476,18.949070709962573,87.2418948034539,-72.41675680422318,-17.607065424428015,-44.34759520329301,3.5035229532326895,-12.257612234057211,-63.06816481741906,0.0
