floating_base_joint_x,floating_base_joint_y,floating_base_joint_z,floating_base_joint_qw,floating_base_joint_qx,floating_base_joint_qy,floating_base_joint_qz,left_hip_pitch_joint_q,left_hip_roll_joint_q,left_hip_yaw_joint_q,left_knee_joint_q,left_ankle_pitch_joint_q,left_ankle_roll_joint_q,right_hip_pitch_joint_q,right_hip_roll_joint_q,right_hip_yaw_joint_q,right_knee_joint_q,right_ankle_pitch_joint_q,right_ankle_roll_joint_q,floating_base_joint_vx,floating_base_joint_vy,floating_base_joint_vz,floating_base_joint_wx,floating_base_joint_wy,floating_base_joint_wz,left_hip_pitch_joint_dq,left_hip_roll_joint_dq,left_hip_yaw_joint_dq,left_knee_joint_dq,left_ankle_pitch_joint_dq,left_ankle_roll_joint_dq,right_hip_pitch_joint_dq,right_hip_roll_joint_dq,right_hip_yaw_joint_dq,right_knee_joint_dq,right_ankle_pitch_joint_dq,right_ankle_roll_joint_dq,floating_base_joint_acc_x,floating_base_joint_acc_y,floating_base_joint_acc_z,floating_base_joint_alpha_x,floating_base_joint_alpha_y,floating_base_joint_alpha_z,left_hip_pitch_joint_ddq,left_hip_roll_joint_ddq,left_hip_yaw_joint_ddq,left_knee_joint_ddq,left_ankle_pitch_joint_ddq,left_ankle_roll_joint_ddq,right_hip_pitch_joint_ddq,right_hip_roll_joint_ddq,right_hip_yaw_joint_ddq,right_knee_joint_ddq,right_ankle_pitch_joint_ddq,right_ankle_roll_joint_ddq,fallover
-0.002742092829573651,-0.00030790836921754377,0.7906008599614718,0.9999830856588114,-0.000179361006181096,0.005811206164693857,0.0001615822477482965,-0.057676229940254786,0.0004201467355628266,-0.003115462880503189,0.12575090460614674,-0.07620349711929296,8.4782874088613e-06,-0.057466491293768206,0.0018159364874806387,0.002857105258171869,0.12564220745052226,-0.0761598821866587,-8.819334430303563e-05,-0.16200793399733548,-0.027549737136947767,-0.2088685850675784,-0.029501786664857726,0.6749651522098004,0.030203555557740742,-3.336942218318159,0.09522263661169854,0.008864727140834,6.74979116350912,-4.856315834271423,0.0031760460125179945,-3.3187216838383082,0.09464773822488161,-0.03005905709111833,6.745260344849444,-4.849684375643371,-0.020744537039857923,1.2119834910772125,-1.3205207749763515,-8.496214752843846,-1.061229183311672,-7.4540399342435535,1.7067277536511511,40.79199746795842,8.77264789627155,18.619438371247682,-197.99020658545737,-60.62183390919282,0.5493336857278017,41.65746489751464,-0.8989777295689511,-18.60402582903134,-197.48119638425644,-59.86622366906435,-3.51327730419763,0.0
-0.00735151911286626,-0.0012709479176074682,0.7878024962237631,0.9998560314494699,0.0010699386383318705,0.015002745404890641,-0.007854249534053202,-0.1051184009487134,0.0037411044281321637,0.012780872847554761,0.1844848865300636,-0.11041704681839531,0.003838788068304075,-0.18869829705228625,-0.002522910085559758,-0.02406803311086461,0.40841349863315607,-0.17990904001121777,-0.01831953505980228,-0.22231768179802772,-0.07357116205390725,-0.08078002307805668,0.24353273040460607,0.8294668779398571,-1.0449618604789446,-1.5762762231143768,0.16208162088812034,1.0678115681700397,1.1133736386258255,-0.26283561113779075,0.09822530193963823,-6.825291411377423,-0.2625575283613442,-1.5351672552297426,14.645377554925242,-2.564840164320985,-1.0060686863574453,4.556612921550872,-4.129394985328355,5.915055518386268,2.8445080606189284,-26.94611279241827,-2.7013068656301913,93.93637087266264,5.49457967063863,1.3070333478112581,-140.18194611170102,87.18039217834146,-9.712971113967344,105.86759278869953,28.756321963717003,41.99804950532567,-251.25467055870791,238.07117976678444,6.274664245733406,0.0
-0.01115794670116253,-0.0033079014142993524,0.7862688186158961,0.9996565896972996,0.004680613211913776,0.020501594086255497,-0.015635829835596755,-0.1338053859410545,0.003908724350369336,0.029175202358521942,0.21177758557642695,-0.11515610523363101,0.0020726420278853585,-0.2995538585135649,0.006652871374177917,-9.076782769071442e-05,0.6594734711685006,-0.27402421555753487,-0.011336579421975296,-0.14828569151658702,-0.12850979530019235,-0.061351953276982216,0.40748434863455796,0.25436528524780433,-0.4752057901253939,-1.091104298619143,-0.08226829528544706,0.4752051802971614,1.3310843091925477,-0.13317721015420578,-0.1439423361994641,-3.9704123445418222,0.5943012671565182,1.6927757423608756,9.510936595513595,-4.516579509868062,0.5185445375504925,5.056946164385953,-3.0775289011240683,2.5526711393186585,0.8921265449091129,-34.952074559038145,34.80664188586865,46.321439384105744,-7.6718404150324755,-42.57178103943393,-14.069783389276997,18.483494510517726,-3.4391158915904123,187.66877159869162,-10.980129956162388,-19.321743934965465,-370.52987802702944,71.17736008526474,-8.556094951172918,0.0
-0.01430208657286476,-0.006706075949617528,0.7849502411411873,0.9995304141452532,0.0076110585124619535,0.023441685665720153,-0.018207425959978478,-0.1601688150813674,0.00535553488065996,0.03347784472849939,0.24362300159770794,-0.12144664580969361,-0.006501100851043465,-0.3667865077531225,0.014089582210030285,0.023708231753525988,0.8141270539312992,-0.3749308983224486,-0.019774487055827586,-0.15353886080028495,-0.20412996524118127,-0.0602788109142445,0.1825697146562702,0.27743362425939355,-0.08030037893204289,-1.28097272051943,0.20365111446911108,0.010308273954183905,1.511699641866609,-0.3224698828928127,-0.5345567527602563,-2.6271328364987743,0.1398281247830681,0.735100204464098,5.711854667160122,-4.500902155824009,-0.5298243303003989,0.926401862757049,-3.8166844041174786,1.0917238691331599,-13.250466191772963,-5.217907141448414,16.76346606864284,17.160411377787128,15.425140703906804,-19.68287555322171,-26.242921675391596,5.964556249396733,-5.5270368717007985,89.05380916479464,-25.798984482270964,-45.343148459705404,-237.61519962516547,84.3704732824593,6.99003432385998,0.0
-0.017211502306699586,-0.011684663881413067,0.7838963802464581,0.9994814166379663,0.00847713717615292,0.02484862478596321,-0.018643545448971604,-0.1780794412581412,0.01282098539084868,0.03362546874116767,0.2648389060957507,-0.12607398063243036,-0.01740081076516241,-0.4121297944878609,0.01480383800158286,0.028425289989463264,0.923266858077959,-0.44104262830654606,-0.03328445172310054,-0.13301129591983807,-0.2880148499175063,-0.03935853148372262,-0.016764289055562577,0.005317085774676607,0.006869151703818034,-0.5474841114359047,0.5321276295803588,-0.01856524205219211,0.6953271244300108,-0.15037539766384717,-0.5541180087437799,-1.723875192965148,0.004051482825439198,-0.07959115591244958,4.575933206089786,-2.544051453314518,-0.6018326034480425,1.5884402794645334,-4.456148148105098,1.8860625732239509,-12.40106215424669,-16.066848403691527,6.525071778407578,37.97359044278514,18.505811639975217,-4.846241202198597,-37.05823707289417,9.070496079537438,-1.3400790198744286,72.10465791231134,-0.5332745249286442,-28.849978131367596,-131.39643443941878,67.04153375950615,12.742677181771137,0.0
-0.019841385866473462,-0.018078897985311534,0.7832567443576387,0.9995052134078092,0.008271043133122212,0.024257325519175785,-0.01823459280479499,-0.1846438574181805,0.024952572181226033,0.03777323678808639,0.27267212735691027,-0.1268845949645252,-0.029420850865309874,-0.43819617421514423,0.011908109052774037,0.021931259656077565,0.9964394764521312,-0.4854856612988848,-0.03495313189975741,-0.12981327441477714,-0.34732809360619993,-0.0225202929662249,-0.03150318851524523,-0.11496621047094391,0.07572041481686832,-0.18582193791076584,0.642263000806383,0.16774442386802685,0.21723268669196044,0.06748019954704651,-0.5973320722360479,-0.8986060335011758,-0.2032208318398389,-0.4278941686062609,2.715768127923536,-1.8514555794565257,0.020990352612708887,0.10110603022166963,-3.103303568564238,1.425695632644659,-0.6955019153388879,-5.840652500147051,3.570115216652406,10.559377324055575,0.014069742044714229,-27.03021657221693,-10.658556594212254,15.438774039988772,2.380546599913746,46.02518837336526,-2.7187445278009377,-3.219711621486246,-110.51451520726721,40.75523936883962,2.2082968575891346,0.0
-0.02263119624180092,-0.025733903740658582,0.7829928980446588,0.999558200476394,0.007746407769997218,0.02316432574281675,-0.016935496447850303,-0.18999929582452338,0.03868078278283899,0.037477629226462784,0.27865235690197143,-0.12335010874550693,-0.04330013370311575,-0.4486739932461736,0.008625116912567196,0.01531793039022264,1.0261275641525274,-0.5119622886827921,-0.03383282046544299,-0.14707594854662234,-0.41080444697939655,-0.008708416452505011,-0.0639001172434064,-0.10890256535932526,0.15993976129699564,-0.2911129363157532,0.7310315226892468,-0.03736786211815674,0.29530166578887895,0.2570234566661203,-0.7176631018571142,-0.2669482571832765,-0.12268513801119682,-0.22269928400041364,0.6770057618838593,-1.0593158982850466,0.05582433577273989,-0.8422539455422133,-3.0619937167838898,0.13740154779909133,-0.7054224572091397,-0.2214402652582099,2.760832981174227,0.584803092762713,5.88471133487344,7.746857176558628,-5.646188854695113,7.035438636345478,-0.28961340696871263,23.904735773840176,4.989979680231119,13.181270288530735,-71.81443534111946,21.8075167126429,-0.8875448535134548,0.0
-0.02579741652785263,-0.03461116752336002,0.7827910967430741,0.9996142435839831,0.007101032716622275,0.022160253230639894,-0.015161218128302869,-0.19556041838065996,0.05414650002150688,0.03657347342223416,0.28254552263707017,-0.11683968213440385,-0.056792555284033215,-0.45042973369322387,0.007084648146079676,0.013075506224930863,1.026407948652388,-0.5241671967537134,-0.03160167168332979,-0.16872672300907962,-0.469992397715844,-0.014161629890800024,-0.05876196036758323,-0.08987389435039114,0.18696187519859161,-0.27648534296965116,0.7963035875494402,-0.05019891476350983,0.12191522463759832,0.3717475211286213,-0.6557902063121196,-0.0030438773981476975,-0.06074872205706198,-0.03521201191424407,-0.31797189891105315,-0.4495747830866043,0.1040148854332988,-1.2361194611703774,-2.8373004348833035,-0.6722271816448132,1.6827261923025494,1.2728353895455942,1.059362063728694,-0.41804111522416093,1.6395260132992937,-0.6053573323823971,-7.314556832532485,4.378755025349635,1.0330200562642187,5.075292203247749,-0.5023161887767938,6.119579719731401,-21.65317929348744,9.876108475853798,-2.3073755389554886,0.0
-0.029417846802630543,-0.044637505827539344,0.7823345242216324,0.9996632916816814,0.006618284026316011,0.021350538467411913,-0.013177863553873972,-0.20060866395199026,0.0705309415675558,0.034635707171066656,0.28255194608695317,-0.10882349638023985,-0.06914623115169377,-0.4488402267982067,0.0051524215591738694,0.013041242359094728,1.013502675871948,-0.5312963313219283,-0.02849642986894708,-0.19248850034854473,-0.5263957600436125,-0.032731353023710344,-0.03707420664174441,-0.06910583632290297,0.2027021191700474,-0.2510196763545894,0.8337551337643707,-0.11440489093986102,-0.07147865441526341,0.4125103933467162,-0.6164867358483458,0.08823677024269228,-0.13192257139507807,0.030512676722784203,-0.7254700156752051,-0.30665190410343135,0.14183687000290193,-1.3630104544895842,-2.7545178033699056,-1.2981533463510189,2.185476444453131,1.4106893162160226,0.24817064559145785,-1.003851833767487,1.270317622702893,-0.7199611299273578,-6.071308628943458,0.4689008682902628,-1.4507034921410846,-2.912145195004495,-4.0476924130930545,4.393098898209876,3.812529866129815,4.733731004209977,-2.8513881061807305,0.0
-0.03347564089556898,-0.055810352316586695,0.7813884867837766,0.9997061640831949,0.006227826944903375,0.020622420389053462,-0.011113750172890553,-0.20389238391713657,0.08807211746637933,0.03187126267552205,0.2770324645328207,-0.10095107017700289,-0.08042873470008846,-0.4459575504622219,0.0015839523630738934,0.014076793747830753,0.9967303051479302,-0.5358872787113018,-0.024231661058754076,-0.21362121193651343,-0.5849393999064326,-0.06197042944356673,-0.04171137310508214,-0.06679772324276341,0.2101655515940111,-0.14180379235713744,0.9111472533084728,-0.1507107760666064,-0.369182425901371,0.36394875251920766,-0.5756090645984533,0.13427367701207585,-0.21472370474973815,0.07815173733527778,-0.7786440940986195,-0.1952060903536856,0.1950288967852529,-1.3361433967745227,-2.9229209473630404,-1.8106239766005938,0.435106847723511,1.029557718454639,0.6260775569713166,-0.8058866134239965,3.629968951981845,-1.1045022782545149,-5.309575752590648,-4.101676169397789,-3.9757397476374576,-4.523929004040574,-3.87275806104589,3.51357806969173,16.088937429541854,3.0286096462465664,-3.953673906741714,0.0
-0.03799697971650751,-0.0681397831424503,0.7800499080020067,0.9997412257502105,0.006117856401666936,0.02002341433078262,-0.008894731421057287,-0.20685757499385887,0.1061148576283564,0.02626813178428371,0.26817872222354994,-0.09125621551196099,-0.09256433244270276,-0.4428782585217792,-0.004761646002290605,0.016666110220114466,0.981755948244007,-0.5384559192011862,-0.017392777360655774,-0.23824194880748986,-0.6422187549666706,-0.06778286246860454,0.021980793914558615,-0.04494788308095965,0.2308992090123532,-0.22098520606500052,0.8795215772356043,-0.3979683144594309,-0.39734232416743626,0.6256209227242265,-0.6877686374546252,0.13529201674666447,-0.4085968413847406,0.1824611873139561,-0.6407164301646983,-0.1025857769985632,0.31707588702109935,-1.3469220992487754,-2.8874577818755007,-0.32599525703378807,3.9321640433232488,1.2818280732601792,-0.18076625854899214,-6.929759700861911,-0.9868686393831543,-6.6201640096453,4.094959218177651,13.157500806286524,-6.883692314202739,-3.880976022919919,-8.234999428580549,7.0796358428879085,18.368046614440665,1.6476160210255562,-6.5054825024471254,0.0
-0.04294835317448207,-0.08165745322761497,0.7787133835180302,0.9997649089078678,0.006611715943481078,0.019535579052301463,-0.00669128386903857,-0.210181183651914,0.12410865647123204,0.018034907080589753,0.25696541388231137,-0.07522086314847447,-0.10505901183366777,-0.43921807489304776,-0.014655676576420371,0.021671205732549787,0.9696858500455176,-0.5407735032574055,-0.008518401676326856,-0.256536831061005,-0.7043051010384542,-0.07103207538230434,0.055795856041201956,-0.04522447591816495,0.20748193293418377,-0.15049995295232316,0.9358668595691347,-0.4092173260113943,-0.639753063035888,0.8998870683892013,-0.6319101987887856,0.18607146691136933,-0.5399940057787963,0.3028456867096552,-0.48624274099853687,-0.11048803308088763,0.399478708107322,-1.082658311237328,-3.2316015859412146,-0.8526605220933138,0.3859448154750616,0.38929110125461086,-2.012654327511232,-0.32775584399464575,5.560665945063549,0.9861503929422251,-4.777987354907971,7.385482906536765,-3.9489412480594086,-1.7742157102823817,-3.107417284345322,5.326798868420063,17.803361669187257,1.4584938641696517,-8.505734083969891,0.0
-0.04824632612145864,-0.09646463362719769,0.7772183646195562,0.9997811468393168,0.007257093855610823,0.019066665841592084,-0.004631983065104949,-0.21174999379739134,0.14372963667571884,0.010106473048302759,0.2402185755939097,-0.055113164543586154,-0.11395589083202255,-0.4345179878934846,-0.026951405052407545,0.028264690831089963,0.9611294512129928,-0.5441973998739034,0.0017379806464889176,-0.2738421601076936,-0.7711278033758721,-0.08206626321303709,0.05527435465323126,-0.03753592705864078,0.20711719590056912,-0.07957967064598029,1.0341814573643269,-0.39298489580627155,-0.8981210863975163,1.0477209523639293,-0.3445122132444809,0.24134117134957467,-0.6489306956806511,0.3490661071246135,-0.3230259397190135,-0.1657726424414495,0.4565281867478313,-1.1402121856916283,-3.516217962420252,-1.0944194165634962,-1.281813549957396,1.348208256870359,-0.025674853625631093,-4.562503204133443,6.689616475907891,-0.6285990476666632,0.7058176733630042,0.9512267565112811,11.148437519994303,-1.2903699669665873,-1.855042735471156,1.9088280430363391,14.431829855381576,2.7511269286788034,-9.751434508905588,0.0
-0.053880163845304314,-0.1126367369671249,0.7754900717881802,0.9997899825701025,0.007945455662830192,0.01872073636921986,-0.0025287381393419893,-0.21221101708033363,0.16483536990979986,0.0020883196946407385,0.21880032238275055,-0.03328012720695254,-0.11329994007472043,-0.42847625541641376,-0.04087143859512785,0.03611046723004004,0.9544337036541867,-0.5483000244263394,0.012383234583446649,-0.29041294616397134,-0.8407877267259452,-0.09430653943899389,0.06286750675844101,-0.020876001198149023,0.21513302643754437,-0.04340506273550006,1.0915456949356417,-0.41669605121383047,-1.1042631885065173,1.105557551703826,0.25435881994978904,0.3136927524782385,-0.7097058693363627,0.4172287054127297,-0.276009074035082,-0.19112285847321603,0.4660976286632164,-1.1258939720769499,-3.6949082102291646,-1.2106877941762881,-1.0434937261232506,1.8490057591713407,0.24822797115677653,-6.888815128224197,5.435977754192653,-2.563575577768914,3.8001166365720924,-0.36325624240334686,19.773327541818702,-1.1599410411852356,0.4263864742212232,1.8809301518927415,10.527878954167184,3.2857024237508776,-10.202177276617984,0.0
-0.0597994416750831,-0.13020546463386468,0.7734394822954243,0.9997899335645944,0.008821611177348095,0.018495560087497746,-0.0004268210260727878,-0.21179890654126457,0.18679842749480818,-0.006439377802404448,0.19342490710068702,-0.010346156510290638,-0.1010384837370229,-0.4202369335061627,-0.05487261002999641,0.04598672279493681,0.9453546187027558,-0.551429291536601,0.02232694612167321,-0.3035592296195104,-0.9104085127011703,-0.11525934166639874,0.09190954010899852,-0.009471394104667779,0.20836727145382863,-0.006233293916718436,1.1243345243470844,-0.4396198090827382,-1.2800137320311786,1.158462793542098,0.8053475093829984,0.42781924215255734,-0.6812858345433469,0.5247526859551042,-0.4556007971131052,-0.13850666989237523,0.42723496793689875,-1.0178074242856767,-3.6377556237738395,-1.8578893520031,0.21088162060207855,1.6689309992872345,-0.6641939337433677,-7.730499760676966,4.407395829946039,-1.9489233093302964,6.761103253385416,-0.7721350346090017,15.21875542843276,-2.096668763330685,2.937674119538691,0.9195454836469884,8.844404593645546,1.8773926170151194,-9.691364973191035,0.0
-0.06589594764570926,-0.14909668525637632,0.7707693979682032,0.9997796712050215,0.010197990550777703,0.018275118139990387,0.0016217554914735902,-0.2109187369249059,0.2088214982449344,-0.01573835472130571,0.16602023676275637,0.012593289709923476,-0.08009138556424056,-0.40779910855752793,-0.06692869153696974,0.05860233318590358,0.9253471551257816,-0.5515295238832912,0.029835078122896277,-0.31046657059576743,-0.9726761416298875,-0.1561193477658136,0.1691695174392654,-0.011394939155907885,0.20156136362534366,-0.005550268625877753,1.0953166442530875,-0.47718830888195324,-1.3155359034137248,1.1226797607248888,1.1471914191277568,0.6493325803470508,-0.5570679897576404,0.6626501864152905,-1.1070649871295817,0.008281184427981435,0.307051113471336,-0.9007152161190761,-3.136122155587997,-3.039216622890681,3.958594424203803,1.824376117981248,-1.2645671626424937,-10.753658130898117,0.244230221678427,-0.9562869711357525,14.05464152422439,-4.221220035257085,4.573866080144625,-5.339651005412075,3.667733284020213,-0.9227096340768934,10.168456049830862,-0.39747437996159923,-7.63429068215861,0.0
-0.07198792536100278,-0.1691397071201266,0.7670111935768853,0.9997560531683547,0.012377602482846334,0.01786428626706958,0.003936544954401495,-0.21206933370796266,0.2298780860941151,-0.027242315920561307,0.14299708377600295,0.03178383435861231,-0.0565984286468626,-0.3855985804354209,-0.0739303505291582,0.07354353316485295,0.8734898012288289,-0.536346000171638,0.027457044331184,-0.30757780031639476,-1.0243425373193056,-0.22428071979693615,0.2818792403815794,-0.030464064662732358,0.2408733499093508,-0.1779854088171324,1.0052456666390892,-0.6077285047884037,-0.9443291778644586,0.8573011056384778,1.082367393040331,1.18557304300913,-0.2511083583967433,0.7612556383599612,-2.93948208605296,0.7654274632594424,-0.18271888738955538,-0.8562599429723422,-2.3329632656597035,-4.6564557829188065,9.818975387055499,3.0513353192950667,-1.221811213523449,-17.865972010677286,-6.4213002861382495,-0.5525661684131375,26.590264456786514,-9.269776524689368,-16.383198561075183,-12.218374191381088,5.340083964939346,-4.265139838953537,18.742709042569473,-18.574656554035755,1.2007996449363691,0.0
-0.078070270134489,-0.18976179388450123,0.7618839959548086,0.9996824365119626,0.016549919388132578,0.017652012296487208,0.007037951380598208,-0.22671686109217584,0.24011354816228184,-0.06003838624854805,0.1482083598828151,0.016820123014004453,-0.05324955249403351,-0.3420529392026439,-0.0784622162190682,0.08527246058349196,0.7352231290597551,-0.4631818621556837,-0.0006959375562916236,-0.31103548796196706,-1.031781046762367,-0.30825743830771757,0.59778378030097,0.023188986672195953,0.2338361592141967,-0.9995215240665098,0.1938168621030981,-1.8999672402369645,0.7477331676566548,-0.8459928525460607,0.08718645842884247,2.2619969921222673,-0.23145586413836206,0.5811142672529134,-7.818452165260166,3.665074160021187,-1.424475757297158,-1.5140720146690088,0.10907600311992463,-7.192636259557002,25.439628808340714,7.21072600252586,-19.20122314700785,-19.211356702416023,-24.91938135779071,14.973987715307798,29.349443519222966,35.90964493723437,1.6659682043199815,-41.49006553510826,-3.9085317097778405,1.1375790411080675,55.15428182145878,-78.32478377530819,24.829704683052768,0.0
-0.08538002071094736,-0.2104496538899847,0.7560476793644256,0.9995003872606638,0.022343658250910278,0.02057099294772274,0.008750488608826709,-0.2721933585173481,0.2417921384870922,-0.10053986681129568,0.20554841716670408,-0.038522417001192806,-0.057585375369744826,-0.32870269061727364,-0.0798397425298881,0.07814184871614209,0.6281423275713652,-0.34498642599948437,-0.0016327647804803783,-0.40454123615008053,-1.0396217265075578,-0.19982266911025354,0.3519042583636068,0.4724418466761921,-0.11825633471938532,-2.565674128499317,0.4205919702305535,-1.0920630683489758,3.3000351071090304,-3.0614198361881546,-0.10646293429101666,-1.6872843602195537,0.9072893024473151,-0.2866352500204166,0.23301930041053198,1.986817005599323,0.4780295524984593,-0.7495352779781764,0.6605895033459396,13.233097153373272,-30.012379098048783,4.234678730194233,-22.146210496212113,32.155252624851826,55.946744098978364,325.4347538832253,-50.198548330862835,-61.375769929494766,-35.42455605710791,-154.80860370430167,93.48752589036297,7.481961455179723,409.5831544448267,-392.99631421426693,-125.44816969245396,0.0
-0.09384609667504101,-0.2306880141774048,0.7537573375388175,0.9993223512186151,0.024599181772114117,0.02611341700801238,0.008234565149754272,-0.33670561031740237,0.24551214276387048,-0.09277713480932173,0.3236473504014161,-0.12822915623429834,-0.06638544767084813,-0.3785050529563275,-0.056448897434858994,0.06882606979637658,0.6720481819106634,-0.3433565544053222,-0.003412129840603616,-0.4023475643340686,-0.9871976592207313,-0.03760998679628387,0.17343666089252893,0.45530382953357484,-0.009387822211681367,-2.7863057568612217,-0.2212495380587804,0.8285012163504909,5.77972476924497,-3.8739551797402116,-0.4371534444406783,-2.3068096034116228,1.223289303270451,-0.6110331139592182,2.306310778390779,-0.37170846150466524,-0.4378994505820905,4.132782028981961,2.8021391991643396,8.740987563810208,-3.5839793645976923,-18.742647574079463,5.959804040925499,99.06565190194266,-60.49675944953529,2.113739028418909,-125.73820726432079,103.19421022133525,6.934008660880022,65.00076170242734,-3.3993351635489613,-15.301576437400136,-67.65569615212065,8.670476846549326,-30.4296522258162,0.0
-0.10160722125001531,-0.249509840560898,0.75396337008823,0.999145332243824,0.02737055027561757,0.029774123571102457,0.008541639102673533,-0.39070168781792286,0.22410940876042007,-0.07665601894225936,0.4671189996929845,-0.2081903667631591,-0.08044035588189268,-0.41650940503347406,-0.035899895215623215,0.05689214082303262,0.7068322543597731,-0.34663185100438154,-0.016034027069388654,-0.35967516285041395,-0.905838297699913,0.05699041275647025,0.3795879043628371,0.22052194582267276,0.010603870901695013,-1.9337311084379005,-1.7270661057888226,0.8378633080786164,6.485889076647735,-3.238632445820459,-0.6666497691589308,-1.379054060425966,0.8714525721344235,-0.5378472395686037,1.067352415148026,0.11294369307416424,-0.7509074535206356,3.804405183718311,3.626003552889355,5.470497483388717,11.39158947774737,-18.630071912149447,-3.8569944105820717,116.54234798052128,-71.29724494583657,3.408436708062552,-164.3188915620098,91.43876868884634,10.300004557714503,64.79166962825828,-16.65891017574871,8.539072487565724,-81.736471612066,34.49717566120773,-10.442331423176766,0.0
-0.108514631717232,-0.26717911913058073,0.7555592301397722,0.9989937569752008,0.031212359208402676,0.030989623224978006,0.008769572942377513,-0.42404714845780755,0.1793720284842037,-0.06373736738142899,0.6070302216644965,-0.27776176688287296,-0.08765335880650202,-0.43534289422165806,-0.019645681399097812,0.04570967532489938,0.7155556040426513,-0.3379786355411785,-0.03471809045087452,-0.3252962944668742,-0.8690380698992956,0.10390032620830156,0.39717966833840285,0.006245060527179793,0.004637072152899716,-1.0033607424969613,-2.5319156631214117,0.7427453807121522,6.075232545853789,-2.9033571470968753,-0.27348264667466754,-0.5380208826776951,0.7835799865382999,-0.536724831087757,-0.0897128258487586,0.673297628990167,-1.024219181404567,2.4735711691528195,1.259026467603136,2.7954020330429827,1.4721461042652835,-13.100611463440364,-4.5311702943567465,91.92448430544037,-26.24026356370019,19.106668932611164,-164.6268068234567,74.36496873678009,4.694847940118914,44.604232156958716,-1.9705640567166487,3.915656919589096,-56.04094945766799,24.37324845620326,-6.507890334310259,0.0
-0.1149463940351563,-0.2844839271243037,0.7577227648198561,0.9988823924335529,0.034787441986645184,0.03070751794922262,0.008991568697609047,-0.4386626790764589,0.12623153613124083,-0.04793650636832724,0.7204988536832929,-0.33586428231600957,-0.08752722810843042,-0.44138210810624573,-0.003771240728653963,0.033913057413590186,0.7059837937616603,-0.3204327857694739,-0.05750800005284174,-0.31568612197894164,-0.8653371426763108,0.11362792972578048,0.32935368353094474,-0.06746766608618418,0.03476630188448976,-0.3033058358483759,-2.679749125046665,0.9286688350266914,4.64886203289905,-2.4506141811371673,0.04073757908790941,-0.10488917853027065,0.8134561251223242,-0.610619343690383,-0.7853631005027311,1.0235302970730427,-1.1880648323081968,0.6094439474212082,-0.2710283274107444,0.48436989246398177,-2.9085599128452877,-3.404033088917128,-0.8228159895685687,53.25186070335334,1.9868904312602977,16.77865717659632,-142.80533250288119,56.901117032310346,-1.5463282489577426,19.463347581717873,2.97915156141137,-1.5013112848131065,-31.177056185759845,14.39641541130247,-2.945983530478427,0.0
-0.12137059437559662,-0.30189370845518215,0.759822072091786,0.9987897189055014,0.037671371713787975,0.03016433409056837,0.009490948885222339,-0.4414659488788005,0.07422357595251423,-0.027614489976106948,0.8023059587092226,-0.3837871999985079,-0.08225012437127975,-0.441837737529776,0.013073172458229084,0.02072049145851527,0.6859190450877604,-0.29763508481822964,-0.08207158555384797,-0.32521839323703977,-0.8768315641151181,0.0974218067810879,0.2575241754591042,-0.042699334376854754,0.07070828132597427,0.08426881795420718,-2.4963678162400424,1.09747252617793,3.2678872287782164,-2.03647177338589,0.25371382814599186,0.03290308328078474,0.8699020673566462,-0.68599365053486,-1.1644117630711226,1.2196356842820588,-1.2370422671528871,-0.4987494264941562,-0.8733698432651177,-1.0355884398374442,-2.9209855947037813,1.8017191168699673,0.6426108616088514,27.498918127897436,13.966741674283655,7.124789026738407,-106.21460005755108,45.026888545420356,-6.079212141916918,4.360070091868725,3.4212148256949346,-2.3373861401253797,-15.589627567543781,7.338484458362204,-0.16922717346836946,0.0
-0.12804217539027857,-0.3196246182596135,0.7614701456389584,0.9986999866414022,0.03995170252974041,0.029911340105050786,0.010368697148462006,-0.43733273915186405,0.027856598409708153,-0.004776150835872185,0.8565458383188133,-0.4220336367188933,-0.07382875653809437,-0.44051304710965755,0.031050697244391075,0.006287367460110003,0.6597788522951236,-0.2719719641924204,-0.10689572840402334,-0.34102045697603545,-0.8955949297765337,0.06797563833103086,0.2058567241510069,-0.004550564090752919,0.11095719329149054,0.3368072813648774,-2.1622877120297925,1.145789400872273,2.1000164135948642,-1.6227162416329408,0.38047602843932216,0.06861735564772542,0.9219743361100439,-0.7411355291741294,-1.3869200390213372,1.3247009869630413,-1.239973549938882,-0.929572106528844,-1.092976704898568,-1.873995938010566,-1.7009842204438845,2.6262914520288634,1.5078439976233935,14.372521083752236,18.09067503768515,-2.796895349322867,-72.74520902581143,35.05666453992062,-8.786018492509088,-2.3808363981935816,2.4936682630465037,-1.6406309635720744,-5.153336582216698,3.6924711409749853,0.8096161202459539,0.0
-0.13502411218181895,-0.3377695730499404,0.7624431157437117,0.9986082810105589,0.041886079160357886,0.029849351600626094,0.011665062311438908,-0.4280234101718164,-0.011213924966496286,0.017792406237672368,0.8877563178016624,-0.45150061296066063,-0.06322363913348895,-0.4388302432701839,0.04988500056195787,-0.008857589963852821,0.6306830584332141,-0.24477205703564153,-0.130677308450972,-0.3574739565115793,-0.9172746181236426,0.02927382134313183,0.18250277975832516,0.006977935643111018,0.15598171195867366,0.5481033606156479,-1.7873703372472538,1.0662447071421755,1.1227468414529245,-1.2495681819721247,0.47282684059935093,0.058182557305743815,0.9541983821587057,-0.769229818231377,-1.4588799476308858,1.377683989951265,-1.177623936552928,-1.0934215423269162,-1.151687247976329,-2.4804127662891666,-0.310292946946065,1.8253266920987725,2.343624565090642,6.419427428363491,18.319369230854566,-10.24131114152671,-45.250460699342014,26.28162974706924,-10.572601421720494,-6.2050046120191595,1.0993369345857709,-1.1224014780297693,3.8574685838202005,0.9009992863220742,-0.5902344832034602,0.0
-0.14230053450570254,-0.3563616905791826,0.7625820395284625,0.998515772742153,0.043686148285083326,0.029610647559520052,0.013452939614068979,-0.4143200081127221,-0.04306063919472039,0.037787483536003225,0.9007848144603768,-0.47382883980092627,-0.05069390645535606,-0.4371055391191704,0.06932786511059497,-0.02414566945617563,0.600990571723931,-0.21712153051447547,-0.1529330982201601,-0.37180381544140423,-0.9398479939472701,-0.01578976997888104,0.17320479691642332,-0.025442501719043945,0.2122100964837866,0.7370490224516963,-1.4419666921635528,0.8999229668539056,0.37216448090290766,-0.9499305448411184,0.5578065991745026,0.05657236147030604,0.9822943931245224,-0.7639230704964904,-1.4402509650500497,1.371095593457278,-1.117379230062368,-1.1022359682675282,-1.1475824330753976,-2.8614934960261436,0.2836224929402571,0.1757206794571887,3.200666577043834,1.16745556393541,16.387810241216915,-13.703983755032485,-22.59390494850882,19.392593913891996,-12.119561374432456,-7.49839335749825,0.4560045814994038,-0.7178853071288618,10.303308433538387,-2.3725601180642193,-1.9855430953982967,0.0
-0.1498269916173312,-0.37543080977804477,0.7618677728614817,0.9984398233498768,0.04524586688502489,0.02873328913859516,0.015656588841976432,-0.3965225153292951,-0.06830085540248898,0.05397346449587426,0.9007811728845443,-0.491308450641041,-0.03601693746836297,-0.43525965170852343,0.08945616404913012,-0.039820970358708754,0.572636784953368,-0.18998445683572662,-0.16870840131153975,-0.3836392248922867,-0.9651135607771518,-0.05635589953935356,0.1299486517435287,-0.10704137730156126,0.24523883994626816,0.9312837843637655,-1.1183129860119323,0.6991367256080954,-0.14293901170017198,-0.7543986109021305,0.6551516089523395,0.055920551710653466,1.0256051508241255,-0.8016591877973342,-1.3167670623770564,1.3105255437851464,-0.5376492502541512,-1.0414187179699994,-1.3448707796879922,-2.5830757973009515,-1.859805167737877,-1.9949890890033684,2.1262625291059254,-0.9099926386593812,15.998567730137673,-14.147055124738138,-4.911138296344581,14.804842440236376,-13.912469234689253,-7.897821356210713,1.9834790211920053,-2.2534696773608656,15.880506177928645,-6.982323921405945,26.716932656642584,0.0
-0.1575861049805438,-0.3951374272085642,0.7606509514994967,0.9984309490976575,0.04577420199694444,0.02687336412357744,0.017837730129563342,-0.37390545406555137,-0.08705579545083054,0.06471759893065146,0.8894298344873806,-0.5066926892246618,-0.01887857378783023,-0.4337453490022769,0.11138858915285094,-0.0565640532430543,0.547854196677895,-0.16563498133779284,-0.15381474627896508,-0.39460115488971936,-1.0023565194482775,-0.0722520660180535,-0.019547738780836627,-0.21760348535713372,0.23006811330122323,1.179312299345122,-0.7967300178791993,0.39129747177438834,-0.6509672747321043,-0.6924500836931702,0.7681190970965911,0.08164099671349374,1.1594306577227689,-0.8857419711713178,-1.208432849954664,1.214286083571961,1.2179919969850777,-0.994870298669423,-1.8744774806646618,-1.8347345099851435,-6.063203408967574,-3.244678407751264,1.1727673272324068,-2.6408014521174397,15.087878317284764,-15.84403040677299,7.905080203357434,11.902860195918002,-15.789082046878566,-1.4345701429023903,6.523041931416096,-5.7813504338192345,3.6413015765615717,1.309576958998786,27.59126922190107,0.0
-0.16552661200978097,-0.41575550702665426,0.7594034228909999,0.9985377639840861,0.04425339736948495,0.023848294564659176,0.019880381416804694,-0.3448730391681859,-0.09990952940192023,0.06633987489582525,0.862850044680318,-0.5185746192584534,0.0007377474294703913,-0.4296686785581641,0.13692440723122298,-0.07574112101446222,0.5209693780247595,-0.14127434534256136,-0.09899505137403243,-0.4035080587903228,-1.053793527464587,-0.0678992579112929,-0.26442844507418134,-0.32774878419949915,0.22396464720096249,1.4917779696402542,-0.5027291375631459,-0.10651845759953608,-1.4134892444129532,-0.5321880754312728,0.8817783333065939,0.28676866617983493,1.3749079142376215,-1.0310682511104639,-1.4907186607514324,1.2950374027799287,3.2485608134047697,-1.0907837083899408,-2.3986522658591958,-1.611827138530951,-9.242680062124734,-2.3619466289308573,2.437383115938692,-8.102017798972838,15.425532744213088,-15.10221298796962,20.543159179504283,7.313567892519221,-17.48427108630234,5.634100348887255,9.666131549499571,-7.614153826361162,-14.381532951524353,9.483061329735767,22.989111080369135,0.0
-0.17349709983244804,-0.43752387168106116,0.7581044715116101,0.9987285937302913,0.040287258744004135,0.019646742152270427,0.023068124570728342,-0.3092749014023323,-0.10797082954058043,0.05373012263287136,0.8164796735800767,-0.5166096597201382,0.02755961072873964,-0.418371578446026,0.16603558344633612,-0.10000226908785204,0.4830194765845452,-0.11538773508941248,-0.016445070659887605,-0.4027946187026687,-1.1149493327675715,-0.08043996982415995,-0.5110718066926846,-0.416870507616566,0.42097363560053025,1.7497103638688054,-0.25578479646918223,-0.8644505744699621,-2.349263324638192,0.172166467551287,1.2389331024468935,0.6735325616470013,1.5213164760039193,-1.3455520831635037,-2.125327300604177,1.3630640457930943,4.377350830848054,-1.0780515718866261,-2.655762631754419,-3.0040317502328024,-8.026471966719283,0.7405704097536638,10.497034753005936,-20.921419796305887,19.497126989316275,-9.46386994958355,40.18002450719054,-5.509597312515471,-23.376120308063676,2.086321852186674,5.52932853421155,-12.60236925354568,-14.557853158824015,8.354123332047429,5.842895681851065,0.0
-0.1813117982077331,-0.4606382883184909,0.7558393527762813,0.9989088723052421,0.03412868407958029,0.014852453242140538,0.028208197134086337,-0.26401825987949623,-0.09906665738342997,0.033350377007475174,0.7268540908854643,-0.4635573205102024,0.0823187991572693,-0.40472632485512844,0.19073796899879608,-0.1483195518046464,0.44822765506350015,-0.13486122994280852,0.02951467990124258,-0.39556714334158294,-1.1933225332841477,-0.1592398814258931,-0.7628379154209777,-0.40143609069313085,0.6248679079679963,2.1690513786817593,1.0490547935034196,-1.141091061230613,-4.750836741691178,2.7539562474470562,2.602405598720246,0.5315462413242571,1.2676195436268531,-2.7889416917307575,-1.4932078283960863,-1.7132459948895329,1.9807709390902983,-1.4905399372131507,-4.21004137707217,-6.324344486040424,-13.562334898752287,8.95260014716522,12.953652533029668,-43.983226007006905,64.38546251594914,-12.213369017993111,60.62401727225938,-52.8558120084595,-49.95574484384721,-27.229088239618587,17.748694825998165,-13.487602431120806,27.111852631464018,-35.302985640474354,5.538806053538526,0.0
-0.19016509259018316,-0.48559769078575254,0.7511772637033856,0.999025711444406,0.025786848070800984,0.013269463500848809,0.033265412637921786,-0.22008470675039063,-0.04578674477305435,0.01590658442846798,0.582545141311271,-0.38122944150279336,0.12668728165737764,-0.4512705777670589,0.2339100094689056,-0.1231979357790675,0.561940396761793,-0.19756358716663425,-0.026386627401245456,-0.4812383049989979,-1.2524445364732764,-0.2070601124317058,-0.6504148839133108,0.10283301809593391,1.0019232602574504,0.22377859545036383,2.4527662784114423,-1.7801560507832421,-3.1354465272258643,0.5564836917025912,-2.427101096633664,-3.0302689138957075,1.4730881632144985,2.871009736507802,7.70967948139167,-2.7349089272081706,-3.2447130931537407,-4.104801457321286,3.059771356497531,15.363691057995139,54.78102639511768,23.373545301602988,86.19415352407307,-356.0620869737632,-108.74754508236406,-47.49488764235277,727.4085028313345,-169.71179017846774,-203.82097038456357,31.12472953347459,-205.7677264238227,-10.470573506653487,-35.27776392361706,108.77984577962467,49.0587664316564,0.0
-0.19971225016263777,-0.5094087070262773,0.7500349039480763,0.9987564620622386,0.02651649216352546,0.013579015301645393,0.03997518574939726,-0.23766892975725706,-0.009717854754109679,0.0012168555204412172,0.5756838335600838,-0.37316913778465166,0.07378255101128459,-0.5045640828289245,0.23633412930584557,-0.04490110574594476,0.7332383881086123,-0.251179094101476,-0.07904802146561968,-0.44627694955400476,-1.1546964541456264,0.05724972104606976,0.48470953878388384,-0.11664730083428715,0.4138663133750047,-0.7451255090782405,1.4699260227319457,-0.04310754579571541,-0.0382891978015691,0.7845173478477527,-2.344965682965511,-1.6246049277502923,-1.089664298591153,3.848460584583711,7.499364923951116,-2.1065220055264753,-2.223097645568202,4.484602153285343,2.81778037053729,11.493428823992947,34.09432036608529,-21.79865865940191,-26.851559536895362,64.37722061599041,-21.758549048129623,66.25539607853773,-63.96193408391817,60.85447751902742,70.01895471337772,144.31282453433386,-136.5638333595446,-47.1611132763762,-203.6447498551742,63.57583996255851,40.39743051030356,0.0
-0.20845230705494996,-0.5325512484615337,0.7519801139214204,0.9985006382778385,0.032564716800788915,0.012469877883870115,0.04219616954173459,-0.25091136371681466,0.018822410753850653,0.006829045447118492,0.5726645563604562,-0.3515549877624728,0.04680434633918642,-0.5245642681782957,0.19744072783216518,0.023999367991531573,0.8645557557148582,-0.3037727621962636,-0.09107948966566123,-0.42542601302134314,-1.1690460607113138,0.12484009588384942,0.6046540516607558,-0.15129646023221288,0.10964316500700552,-0.4549579665446111,1.4815296520809393,0.47272588471847937,-0.4948941926994273,1.343897995866742,-0.5629807316491846,-0.35193732771563435,-2.6012736859937045,2.9653441065952792,5.146961786873932,-2.3375919923947164,-0.23169507698968606,1.3111257305426842,-2.0936832132155527,2.3226179789677848,-5.340117575231291,-2.1006521917657386,-12.355646033356964,27.342456089470772,12.69170009864069,15.239789761724957,-47.8425293209337,28.389740697043887,74.07819581189038,71.95705333994806,-65.86481425412214,-57.00892832233322,-182.05537147835733,49.07606557979465,9.28168985895479,0.0
-0.2170738794954877,-0.5563342538503357,0.7539709784576252,0.9982414066941497,0.038332158749024195,0.01187195064714194,0.04363251488003341,-0.2637872825662743,0.04716234216507391,0.01458175445023773,0.5651121003279881,-0.32336124019030565,0.05900909042887638,-0.5254552567135522,0.13399794951157612,0.0781567877650956,0.9519256253850361,-0.36249574977019605,-0.08094707839016685,-0.4325612159993948,-1.2146101336356496,0.07694910292992767,0.48721918395998304,-0.030140169188413717,0.19076229788886087,-0.7399121642514983,1.4961192433475374,0.3350655931276869,-0.3794758006045186,1.5424620788493073,0.9450039420938289,0.2767105333320405,-3.529228963880793,2.4525531766739226,3.370144849139558,-2.64690359423762,0.537668699281191,-0.0009992031458417594,-3.4689172205745633,-2.7890028826285924,-13.46234885912074,4.7625331773764215,3.966405637007508,-8.72868751516694,16.469553496974708,-6.490399025178104,-1.9502776099568622,14.954590843462865,9.588818525489188,37.1245119483199,-29.562066494248675,-29.389587793210403,-123.75665941082418,53.31196941414966,-11.46758940056187,0.0
-0.22590525853726962,-0.5806228916359764,0.7542661826303667,0.9978741481219959,0.04453543139282864,0.012705128993667388,0.04585149460714966,-0.28396206241065897,0.0710701371193586,0.02025305348096944,0.5623349401823886,-0.2890583852862543,0.07834620092511148,-0.5114175088891012,0.06268093955728254,0.14504128129644808,0.9810477742574666,-0.40196816086232345,-0.03681877121479977,-0.44830800508427904,-1.2189878495366282,-0.04363960542540688,0.7050935775457708,0.13841057861058592,0.25655768635200993,-1.1620491389170742,1.1098200245407797,0.5065548032505616,-0.03342809760417966,1.7318251582960096,0.9883969266255112,0.9110628742643159,-3.6717961669634382,3.647373550441785,0.31669415937332773,-1.6200319542648827,2.141715814656636,-0.5281799478224756,-1.248287185067602,-7.488316629247015,4.710430555135054,7.156030829411558,4.963942495575768,-5.104292912299375,30.595668004317833,128.75001596351888,1.1880745052664383,-17.17507336801657,4.216237282223605,13.250758127145676,-11.953141827486721,4.102178933079607,-91.60009457991795,30.33759285597293,-44.41791117332143,0.0
-0.23468440316870853,-0.6050630141283941,0.7526448016734455,0.9972858934927056,0.050218522969749976,0.014127594914490123,0.051955342873707594,-0.3268746267782843,0.07293184669201142,0.0031228763122961556,0.6278105198981195,-0.3242823359660768,0.03131720930542235,-0.44603047766442117,-0.017882976279176382,0.19303628418904062,0.8034853481598523,-0.3302153930715186,-0.019740070192197524,-0.4381929838449036,-1.2359593893643126,-0.13602654119822755,0.5216393121507337,0.18443335762153137,0.6564607715198936,-2.4414059280482676,-0.43545147579647825,-1.005222812191043,4.175708325334334,-2.048759624474917,-2.5795006785585066,3.998244967043464,-3.3980217270743127,1.521187307579617,-11.186513094550488,-2.8562902505226195,1.210382793914695,-1.534407218183111,-5.746501898170222,-5.005589620734405,-18.453668316075806,13.512081148934644,-18.70430550702331,-9.464338852448217,-5.136505791266753,43.30250228710348,-10.419555234790675,48.03118511129218,41.4204121657269,-26.48086084546228,239.10077244549132,-101.09614912893308,216.55897906741905,-1773.7255600077679,145.4979355134172,0.0
-0.24455176046122112,-0.6321531668076896,0.7511332187827657,0.997230059993977,0.047547688899919074,0.0179592440449561,0.05430368567620021,-0.37365707337527326,0.0758483989209535,-0.022207536189054612,0.6977350462517606,-0.38817666664113565,-0.008511329161125398,-0.4350550538556621,-0.01337301399878823,0.1789690104792704,0.7156312265965714,-0.35249507345100245,-0.022818617312447047,-0.5152640578674755,-1.4174092347965492,-0.005664062399846523,-0.7549829261034334,0.46488510520228893,-0.029201092668083024,-1.9307622017860655,0.331074408560926,-1.4593695554825654,2.474686073234086,-3.0225798702083924,-1.5870582142704817,-1.2424476235884139,2.2235427747307406,-1.4957661020973227,-0.9562346817164671,1.3325745675986542,-1.275577990500311,0.31180507480652175,-4.254289208494669,6.959896589801192,-42.3124929004267,-7.355351114641925,-10.305524878907775,67.3203009535887,-6.682379365849053,-16.51292924799652,-121.4844012041661,50.38560572543828,39.226957450490445,-69.24361295726958,122.52921279509437,-50.09313495199043,150.96134602148928,176.2344937913107,-79.49138579307419,0.0
-0.2548687403023664,-0.6597061637401708,0.7515936827177082,0.9974558167057063,0.04140033914608435,0.02067741086732476,0.054224997172582806,-0.4077059213290231,0.06445208865038,-0.038390146096588355,0.770295742262232,-0.4447931403603367,-0.03467318350195724,-0.46531906385092847,0.03321353789527655,0.14856908567176072,0.713830038565814,-0.31017302237356476,-0.053028457026004026,-0.5007095983147519,-1.3393160868440892,0.04805120399035046,-0.41967469987434086,0.10251738653561208,-0.018051877964890165,-1.1279289232576262,-1.3655500865444046,-0.2406098167925133,3.6162504831359965,-2.311925822445607,-1.08185688373664,-1.287573436143779,2.160708219045977,-1.4788887845095497,-0.07194428405475296,2.441745173467897,-1.6062441233084612,2.4539034338946415,4.453670125667023,2.6374680108332824,22.523255630995795,-25.539303287189664,2.4019767907014486,84.28379508432826,-90.71429436614709,62.20057872443589,-55.42457824938514,61.64601154203251,22.690984710924095,47.95079351114576,-31.305388946540496,7.994342862387258,-33.08082360078261,16.696758428763758,-5.093842077424001,0.0
-0.26470887073556304,-0.6858159214056748,0.7525667697716982,0.9975215798979135,0.0388450085422938,0.01979632453246272,0.05522561438613347,-0.426007019073052,0.026545984801775967,-0.025066898651428644,0.8624321427659255,-0.48284132899968374,-0.04573656697121294,-0.4827463566590167,0.06969683840666037,0.11854286240456686,0.7041929084005077,-0.2607670175473,-0.08277501242270703,-0.47851581563252604,-1.2783515486521573,0.05276187445165602,-0.11337943341210405,-0.23349678926402495,0.16785662197902723,-0.42005618057613825,-2.3716504572189123,1.267695927555067,4.423602274873527,-1.4477387915331559,-0.4042544230574369,-0.4675228942296212,1.5442093003774882,-1.4665620878992969,-0.8627572939013365,2.4383408758451863,-1.442245808538405,1.7044440285825044,2.8464332062526916,0.45010916553293384,17.035902698670643,-18.368015941504368,6.532176741280166,70.4893895561235,-55.04829434362055,54.01110113019606,-76.52245096844712,46.353900932212674,7.620273781054396,45.295957235577255,-30.154763793016535,6.541983861300641,-41.201050559988204,-6.540210765713969,3.525971910475983,0.0
-0.2741905141622383,-0.711182137158353,0.7535191694604486,0.997489621814908,0.03846011611120997,0.016678169535861386,0.057071117924899994,-0.4256209113078276,-0.02490123307987493,0.009947876232308549,0.9430353643025495,-0.5007068246767112,-0.04471663882208341,-0.4854117021172465,0.09770407959697944,0.0896226027055068,0.6766090089818089,-0.21120976653593643,-0.11005204426294056,-0.4705584091010401,-1.2616293347198209,0.0398706674491956,-0.0067822857797925126,-0.3500062900602754,0.21467581309918143,0.4576575240952466,-2.773179848935705,1.989718283453068,3.3412471223792766,-0.6097964365150249,0.10131487470836001,0.09321321791303024,1.2904232404602083,-1.4190573838087222,-1.7199751096605018,2.4957055822913836,-1.320217564893423,0.2862129796270112,0.5649897785102614,-1.3297863055847239,6.043589472757219,-4.319734719832807,2.1556221102885615,50.41809779872231,-23.887214764337706,15.15382096485397,-94.31142863033462,21.222172681439943,-3.322121752105136,20.177921815396825,-11.09330324614429,3.3122415085582904,-30.197752683492723,0.33481750000386545,2.485372874058064,0.0
-0.28367218232429764,-0.7364665133002636,0.7541168719331007,0.9973793527338809,0.03871100384649952,0.01334329329786552,0.059647644088499235,-0.4083857801379481,-0.08361965141811896,0.050348298338744026,0.9875769096467895,-0.5097971347371241,-0.0355770903615842,-0.4800395787600863,0.12173702612804328,0.06061240025247506,0.6333612000407114,-0.15978685761400682,-0.1340460249028705,-0.4802911200719792,-1.2683813455821396,0.011515448138275187,0.009810124774121938,-0.2831401085279922,0.3191522601147614,1.1067478261259738,-3.0524209635437973,1.9718656318477648,1.4449154140840448,-0.37155398254121824,0.43793037271903706,0.325544109169795,1.1404474439320031,-1.4892986170879254,-2.4067518144014373,2.596271714647404,-1.1713420577638922,-0.9753291449945601,-0.6357256308483482,-2.947260711225564,0.85277015568518,6.2153227120437755,5.532176914164612,19.36026173727401,-10.499803823787442,-9.573063787393577,-73.59144786755914,6.919185953222123,-10.066760580766092,-0.8225524008607334,-5.857093608618282,-5.033719436646394,-17.658214629838508,-1.2892234210426454,2.4891589746883875,0.0
-0.2933520607588528,-0.7621016305000156,0.7541643837329283,0.9971973059048617,0.038482562085093854,0.010871730960352053,0.06323314777376682,-0.3778609046932598,-0.14595730922169542,0.08505104615247579,0.9857532596895678,-0.518304396402325,-0.01711799367572989,-0.4715259369181484,0.1442673956347643,0.029955025773299393,0.5779866401148539,-0.10864080529711204,-0.14105773903602187,-0.4937208420265397,-1.2972118158517278,-0.021142272124029714,-0.0971969716142241,-0.15378565173030942,0.4187306116258577,1.6397642702321602,-3.088625447344717,1.537502769335331,-0.7698315215404887,-0.43429072541340213,0.8656269711311234,0.3717503777219624,1.156501580885048,-1.5729886466079832,-2.89373463390518,2.5217412764569485,0.20947036416067955,-1.5800115698452355,-2.0359546775541912,-3.830651013530326,-6.893477780764219,11.13560899883817,6.294865598965459,-3.7668121248601203,9.802354116605006,-20.196122913114046,-34.01006927457339,1.708574903583448,-17.90120101192782,-16.677083298718916,5.609385593475197,-5.133274366058279,-0.6247018382748006,-3.5169180524323975,56.38383881175181,0.0
-0.30327345340236067,-0.7886235458512628,0.7535759499573856,0.9969842734730907,0.03625584350495838,0.009745732184772225,0.06791828150991908,-0.3363366384430716,-0.20504523968265115,0.10595443235936011,0.9341572646402374,-0.5215529281913194,0.012796562885581193,-0.4644440894528445,0.1691235605126252,-0.002774599217481764,0.5162545993199597,-0.05946447110997707,-0.10429191771000347,-0.5060114513426358,-1.3547573104613873,-0.0591692356376513,-0.35796904411973757,0.019512308405862905,0.5473001912728161,2.086078166827841,-2.7294886912108813,0.7244851166087994,-3.040692056406569,-0.13942415528555166,1.388955443829269,0.23066303484330905,1.3390867799898505,-1.7477326690647899,-3.161818650328234,2.4957281726179525,2.5337148715844453,-1.6687773922364106,-3.415749943732108,-4.96785149794333,-13.673354569474176,13.678315573477072,10.714306152026332,-22.371097306159523,32.44446623738923,-26.23738983412194,17.378805892198315,-5.0516263799927295,-27.583516381196034,-22.44579571934756,10.893477479181342,-15.255011474398824,0.14199255711861403,4.238918387706855,49.049701652054246,0.0
-0.3133169169180843,-0.8168279894936541,0.7521595972151963,0.9967662647411308,0.029849957695051825,0.010201044621139443,0.07390488609189245,-0.28228344987352616,-0.2415650122241971,0.11381647060953974,0.8290227185596251,-0.4814547262000905,0.06051368484274863,-0.4627383178752671,0.1956718650441644,-0.05374025664190259,0.45684289744487117,-0.05203305178331851,-0.05717355734666022,-0.5161761466787895,-1.4677941525298497,-0.08728201719489717,-0.8554724113627636,0.27234220922456354,0.7559881740799586,2.6649838686537226,-0.26965596483995813,1.182692526701723,-5.504443736491073,2.2016291209892964,2.1357295602036555,-0.05696329055401595,1.1528662868342439,-3.301698874290653,-3.142562750970771,-0.15701334417025958,3.1651279568502506,-4.690245649419812,-8.03688141279654,4.726130101738386,1.055421831612314,34.49457453222152,59.11140678411769,-47.54298602699416,523.5086582602266,580.7184311403831,60.55147921067959,14.264641209033826,-86.58099513244426,17.141302520621473,-193.36544777160677,-252.41758455952174,-165.5137341098509,255.9700543296944,376.528294336417,0.0
-0.3238124827974328,-0.8476362457700402,0.7493510735347364,0.9962382505695127,0.019914114906413666,0.01333599569228558,0.08327621118054888,-0.2116654430705524,-0.19029416569679256,0.17239149537937457,0.661141715542706,-0.3469090048911255,0.14092391017526026,-0.49094975314460465,0.21913452064272146,-0.107732334225063,0.45139086691705693,-0.08399522321190067,-0.038424771059067324,-0.5332766209048145,-1.611579654325773,-0.23266689532009058,-1.2945885771223702,0.5274667635550405,1.2336879251162187,3.282088357854001,2.977276294276402,0.7460607393384466,-8.24261886763375,4.196220795215547,4.454229353583212,-2.5095653385162002,2.153028599020712,-0.27296680321294586,2.0583039606759685,-2.5303229489265506,-0.23091187124662504,-2.05395000177563,-7.0145004277111545,-9.331166642550258,-35.02728568917587,15.996651479232135,54.70655032140747,-115.005600470933,-58.84897988707373,-419.885437406731,182.27816055395726,-1494.2251018965421,319.4049983824003,-93.02409308073678,77.45708642128328,222.73625480033076,156.48092868524853,6.660686713121895,-45.31532448883457,0.0
-0.3347108391378598,-0.8797619519463243,0.7447109925274876,0.9951794845200973,0.008335975508932041,0.017626966121809685,0.09611240902177451,-0.1640840631192629,-0.12758804834237172,0.18954147584364678,0.5363569413632442,-0.4316425063026172,0.18694240182334826,-0.553954394403233,0.2592124847416122,-0.0836954396475354,0.5356586892870171,-0.13601165656067135,-0.05290196124595193,-0.58107135740022,-1.5531502881282493,-0.10537233029152691,-0.585344826846013,0.6451150831914207,1.5814842123247264,-0.5421726867833241,2.474338153190622,-0.398245258550839,-1.5590658278368255,-4.047973035195399,0.49157926125116974,-3.0285129505676327,0.6524440488951226,1.2343628433724787,4.212347819402648,-2.008002401743435,-0.6921996061560615,-4.283596151522254,11.030335103942724,26.50569946682818,102.16800479563538,7.578980588214303,38.78742202223831,-442.408767012551,-113.42587441998519,-163.1517914392176,707.9717494772411,455.11829677898004,-220.11870913114515,71.81398062997918,-230.2110466711031,-20.23247817289741,-100.53483922180281,66.96070523390942,12.913768940048024,0.0
-0.3466592411215599,-0.9093309828246302,0.745780123174914,0.9936865222171474,0.009080762873593263,0.023924933572905035,0.10923476032452496,-0.21802690020734083,-0.08912658420455706,0.17754033602979657,0.5731742864806583,-0.4521268050346335,0.1613466576570508,-0.6094642194455722,0.24694689102898876,-0.06280980124245376,0.6276529156798686,-0.15541676817349018,-0.049729730523376765,-0.5714642698924172,-1.4307493386465302,0.15131346132602308,0.493513915315775,0.44045713080433213,0.939786682124146,-2.902642019632317,1.6110046120087378,-0.4121673375083821,2.306979887899601,0.6974291381497707,-2.0267390347513285,-2.064602591958939,-1.1669917719314726,1.0587982277638612,4.051717868536182,-0.5007690300447815,0.25339872452754914,4.8376734964259995,4.321024164827464,8.562916639742438,29.701623384661655,-30.101253472451855,-50.575427415970026,61.345360975916726,-25.215678990291938,35.47529198009177,-72.43729686346123,140.40397090285984,-39.55459273655221,102.08812963567003,-32.50809083925139,6.859848027711677,-104.48015097823091,29.45477810562738,-5.888422228199674,0.0
-0.357660111639092,-0.9382591329194865,0.7491929469578619,0.9927109113558614,0.012954711288963104,0.027805648010125205,0.11655070943229542,-0.2739863176751267,-0.054226794060166346,0.16819526671230878,0.6157892140936811,-0.42488428068936845,0.11939118204236819,-0.6433858052089656,0.22130414914822033,-0.05245895571624082,0.7037955182123391,-0.16763311583455573,-0.04504293576714614,-0.52285468815287,-1.461914650085713,0.18540918404128606,0.3068908208151555,0.23308551965401628,0.5318160408581102,-2.416876138766248,1.8986826808229917,-0.4509742303892592,1.6033121512951625,1.7279717055574506,-2.0286081641774034,-1.1934886392384212,-1.1989351791282592,0.28980465333175826,3.1094705216438454,-0.49276499638644206,0.1938547159363008,3.438684988632256,-1.9021741260455638,1.4845638396494696,-13.379362254920743,-15.461963840044445,-26.505015976057347,56.37746387510544,19.796184732688253,4.798368214339818,-75.54825738446883,28.673221381749595,12.747401498712899,64.3170448816194,19.847697154730646,-12.938874270460364,-99.53703988141442,15.046518817255437,-4.656454182122188,0.0
-0.367784314505625,-0.9678613971422176,0.7526678764071009,0.9921179486880117,0.015127105094244345,0.029464087436448426,0.12085120658932899,-0.31645180393948025,-0.013878724751623672,0.16092837828103246,0.6389625825860094,-0.3852221350417741,0.08750755432674298,-0.66248625106648,0.19693738776450043,-0.04464041421118017,0.7704476109654504,-0.19334532353280745,-0.0479756575504637,-0.4885964117710052,-1.4978160776246012,0.16841473842881818,0.1315459993034108,0.057702118809699665,0.3517878796439417,-1.8199024769169458,2.1402883535833848,-0.3191370157096969,0.7394413747885413,2.1244210207808987,-1.3208324136110738,-0.5750773051106445,-1.1901470681131086,0.4633905673552303,2.9235880886904733,-1.2116600345114346,-0.1917468497277552,2.1084088341810125,-2.1356808564420358,-0.4375902900110547,-11.452836646124597,-10.581858394969695,-10.171708693444929,35.49889549196307,13.691012847854699,0.9908989315210701,-46.9700274166302,8.704556852025547,34.777457520484006,50.88718760080135,5.438683020132193,6.068614706089986,-74.80540384988173,27.85504414934489,1.770587488613787,0.0
-0.3773044839968709,-0.9980576850032525,0.7556542089853899,0.9917046072238693,0.016422400486966887,0.02922675262558664,0.12408897495007176,-0.3472760076656325,0.027274081408894722,0.15316616983810352,0.6454703798010187,-0.34231862635170773,0.07792755106362895,-0.6699314937581405,0.1694662104788267,-0.03228905116846151,0.8380711929799762,-0.23182766971562965,-0.052850408029482904,-0.4630358854870759,-1.525247964795286,0.1372645812114175,0.06644569777079239,-0.11313624900325278,0.30896466313787074,-1.3011096972940366,2.082080786494336,-0.40590098939720615,-0.003549927593805763,2.1856045149520424,-0.14742855779507053,-0.032179492111836766,-1.4644962149647305,0.7125102419588742,3.104736754655011,-1.7326256076857227,-0.2290432812528062,1.5577326056728125,-2.1103240945735426,-1.2699460841243915,-8.052386632738125,-8.959972462827457,-2.758838427963156,26.656564473958927,9.589665255559934,3.9102025273013807,-34.2757797343969,3.85321673272778,19.693037837635803,46.24392678987368,-5.94652560510569,7.553748521177942,-65.17886330146156,41.66944360592677,3.230457540765935,0.0
-0.3862250887002259,-1.0289539135900028,0.7577887601166522,0.9913176102873351,0.01701564483484471,0.0270634262322308,0.1275438525591634,-0.36350176147086266,0.07227555281037053,0.15689053735039302,0.6321283636221232,-0.30259968696538353,0.08227070253438792,-0.6656824285828814,0.13659227664408566,-0.01569380212391782,0.9094976353219572,-0.27941456932598596,-0.054067010128982525,-0.4328156803807075,-1.5686926770836949,0.08207998382017083,-0.065442839714834,-0.28300119439982696,0.42844862082134305,-0.522200111248659,2.3980781353582303,0.4706275821210105,-1.0698320657435203,1.8456375403922691,0.42568123783358736,0.5485264393998381,-1.737673901169135,0.8686857789835809,3.3111369812586595,-2.112826817119192,-0.014436040537619842,1.262028283784779,-3.148947591850998,-2.802217801351354,-12.781611470243135,-5.843121897279062,11.22655426705749,18.54055473695996,10.958096535348659,0.5277215072164463,-29.55051739744622,-10.041795949991105,15.295592538895352,43.308753164740196,-7.141463714385669,0.3080641860382134,-64.02965193712865,50.49247709991399,2.0471073619272344,0.0
-0.3947117657924885,-1.060637131871199,0.7590596577191734,0.9908535063273518,0.01735169979015298,0.023445322291249165,0.13175190463839098,-0.3710839824238755,0.1141665051563117,0.15093695051738296,0.6038826698714114,-0.2579202412275693,0.0779387315612815,-0.649965465147395,0.09930485457024248,0.008579286394029335,0.980463929703435,-0.32957564935226485,-0.046565104180766044,-0.419354034117126,-1.6015444634609848,0.050599829134753575,-0.021571732149710365,-0.3957836816540394,0.4186737593661409,-0.3809166295595493,1.9224382706303644,-0.8300382768575065,-1.4899422382401084,2.498472195877999,-0.2555074122267428,1.0706695971228193,-1.9462606517178145,1.3775552456765443,3.2095491439153085,-2.1825298814328136,0.3708526456344206,0.5724509387030206,-2.3626773755439396,-1.696020046088512,-3.0845630919148572,-3.775151723534581,-3.1873387778991695,0.07834422519401807,-5.407636353041971,-29.78746877786576,-5.061765376225378,17.524890789204818,26.740875759710082,35.68374887692935,-4.709112161146874,9.810868112075848,-66.11475297159537,52.143148732137746,-8.805064456926067,0.0
-0.4029569247735584,-1.0930151304798525,0.7596192059282372,0.9904627432450852,0.01830282467568562,0.018998329256503445,0.13523174308487074,-0.37460265010049154,0.15109668698317258,0.13334445260047517,0.5666204947890036,-0.20296017907624886,0.06980002009390619,-0.6235544570518953,0.057092469989495694,0.03841350474609742,1.0435114252139417,-0.3830629995007006,-0.03342809890651682,-0.4083222773226041,-1.6392335645903073,0.005244702656974345,0.02305812212469914,-0.4664270096462394,0.3022103419895299,-0.09488984603854991,1.875685308234625,-0.8519649018435639,-2.0283550852258903,2.845919082851018,-0.1849484632773459,1.546093919242641,-2.17759632340745,1.5092711643798604,2.752332603947606,-2.3764344414929135,0.5976225616188956,0.2945615838388702,-2.7309771583363944,-3.0517286973533277,-3.9270796057856905,-0.5570905191176305,-7.549645087819028,3.1180355015145915,10.555454443885665,6.290662388740024,-9.892071061114931,6.449223824528234,29.449248731254897,24.06200836979192,-1.463149758048881,-3.260413150859463,-62.1398220046724,52.289493824753336,-13.639887524934304,0.0
-0.4110235173655072,-1.126220590984511,0.7590183188417445,0.9901311606290865,0.01961768306777832,0.014208363634783597,0.13803461038873846,-0.3732859305255611,0.18689504313481536,0.11657900353358727,0.5189664831020973,-0.14343257218115954,0.07219135467312439,-0.5872816568417524,0.010976070922760518,0.06818197544811029,1.0888323718611876,-0.4353802000520434,-0.01430719888068331,-0.40194820992568464,-1.6836220424955815,-0.06845143279403951,0.047253427524683714,-0.4776145777761708,0.2715502236887645,0.0964975783319724,1.836736753920698,-0.7413671428792394,-2.515597269552344,2.995395577648883,0.4576791986082635,1.9708232286638896,-2.314149669021904,1.4277745515350362,1.7921821300439724,-2.305876114070054,0.8706588151111422,-0.3140589130017248,-3.0401402096761596,-4.722381337769784,-3.474555511993221,3.8900542086244845,-2.862816556183237,-15.494877330832281,2.436482117972696,-22.686589914951846,9.58275034525139,15.954326237562746,6.5657204451238655,10.582001767796218,4.35587360425291,-9.65664899411945,-54.63063500746022,48.96267684417573,-18.63865414774109,0.0
-0.4190385097046226,-1.1601806958397447,0.7566210985999261,0.9897196257119928,0.02163264686505383,0.009693710875935301,0.14104298295051024,-0.37151874781211636,0.21847861437548513,0.0961154612855512,0.46634963325905016,-0.08239297266174278,0.08606481805067713,-0.5408531342698238,-0.03485839942368683,0.09861370021204677,1.0997382490972794,-0.47902624454689063,0.016459687500364164,-0.40451031740352017,-1.7135085426188372,-0.175289076461632,0.18597421969929018,-0.43143305171375107,0.31625430353903045,-0.02778936852374969,1.4844159261174972,-1.110299612090384,-2.551389433715168,3.0303891948875643,0.9508396728188724,2.416349702364537,-2.213956911125455,1.5277198885302823,-0.09143388332764234,-1.9022926571527536,1.4215927773614865,-0.7775785397011039,-1.9815740418720615,-7.189766134985252,4.356005406314871,6.333518066425392,-2.930499386432362,-20.70433429805205,-2.886169076082289,-2.266072027639866,20.855050088277796,-7.760914210096864,26.400280322610797,-3.94965382664343,13.40605713750813,-3.8005399253320196,-41.894977090594665,36.15450873182933,-29.584969355040723,0.0
-0.42714984032626163,-1.194492633424962,0.7520427151927609,0.9891757792076803,0.02475956453059627,0.006073104298369654,0.14450383800202038,-0.37556761600702276,0.23152408172954683,0.04624326372696347,0.419159298481835,-0.05056131010652948,0.09226365794659593,-0.47810021770044975,-0.07447614770647704,0.12922423827117127,1.0340619362808645,-0.49293694109311553,0.03810900752600401,-0.416595633748833,-1.7241461899108987,-0.28982432516236556,0.34841110849410034,-0.310725725059454,0.3187010457147503,-0.50679713191335,0.310871346093888,-3.0082320798510036,-1.9234211297319221,1.1363478284123432,0.2679861111900299,3.23338815826062,-1.7533122487808441,1.5288300891604119,-4.501034440538638,-0.4316712429611292,0.8560066415682419,-1.8429025437679543,-1.391898599306731,-8.14957738503917,12.096464049206325,12.619236999114307,-11.957499411393822,-37.284732291087174,-11.68463793425733,-6.670371596680429,54.845115356233926,-41.431354477101216,21.496084494631425,-25.583146280312803,27.87853182166314,-1.522614724804913,-33.78046257541323,2.52577244827654,-22.0052606503451,0.0
-0.4356870173304172,-1.2285742048431167,0.7454783265128693,0.9884409073162445,0.029836645961374444,0.004081493248919024,0.1485856275501575,-0.4021453805444961,0.21600902010946352,-0.03663142649456757,0.4321484168539704,-0.10420223362635503,0.04193602640122861,-0.38437417172526167,-0.11223004912436972,0.14590965410927595,0.8109129595264054,-0.40134642223380734,0.024697074202777163,-0.4424031568115617,-1.6956263957025053,-0.40082879466507365,0.6379240024290089,-0.17559292159202458,0.3269145732216425,-1.5700494361868276,-1.0967087814093441,-2.70429127980559,1.851881257633615,-3.322803333360077,-2.573855437492737,4.83146773062025,-1.5717366793459706,0.6504122012864442,-12.536500645897476,1.7611163950776927,0.6941766789669175,-2.623203733653974,-3.1836126592812666,-8.2276981580081,5.71045920489025,18.424387716814845,-26.426383679381075,-14.010102912924033,10.41829517021143,226.71787330076322,57.29513766955002,50.58638963204187,42.727173033712674,-89.40477721513112,182.88543968545406,32.819138835289266,353.612810798914,-1837.612736131109,872.4618482255145,0.0
-0.4466461556226508,-1.2637025355071858,0.7398093483009085,0.9885758402747106,0.03023973492552364,0.007578291633015756,0.1474650329831083,-0.45640175281923,0.1999714365592168,-0.08595299903077365,0.5117105431855422,-0.17257947922134861,0.006023851447995427,-0.39171789565357773,-0.09108559692423408,0.13870582802468395,0.7460626689202149,-0.40938892243304575,0.041697115461461,-0.5884884777673066,-1.7740343032825323,-0.14390064003604436,-0.3194841358391273,0.5020940980644052,-0.3384639209403698,-2.6747946962865203,-0.5850139478014887,-1.5402835426359414,4.109002147656535,-2.898229243239655,-1.4090201578547545,-3.0531280731941965,2.61781910991791,-0.7006614237679883,1.5328511577119261,0.6147673128163489,-0.6587248206961924,0.016745965343505143,0.4821355113983432,15.260886778752914,-35.743318211179904,-4.194689873935468,0.03688341691031216,61.84722458667846,-5.184080393885162,86.54967858311211,-70.21643862370189,74.34200737068275,33.82525715248876,-93.38989927896354,89.40477368231954,-41.106674774571516,188.090481527683,117.70439121141123,-116.44875010049003,0.0
-0.4585381675517846,-1.2984681965561053,0.7382975140859585,0.9888576895267456,0.026222050406192132,0.011410408086110883,0.14609132939237177,-0.5111631257718667,0.1832264344297496,-0.08896776890770372,0.6302409533685411,-0.2457441997336783,-0.0277905428366658,-0.45913609890885887,-0.03825599122981157,0.1163221441434993,0.7915699876001073,-0.3830070176816858,0.017641509379396497,-0.5769932598776858,-1.7028926731367995,-0.012780994786294405,-0.30894142235514577,0.26918626149696495,0.0388448203325347,-2.1119658549144207,-1.227768160472385,0.6112155734747025,5.729909503650762,-3.1170870314387042,-1.5119113884922806,-2.9411549714709384,2.4372178154339945,-1.4485121122243616,1.832297837103959,1.8481027230385902,-1.4855992217851746,3.0133110466842385,4.104969935714975,7.151097213228624,6.242703415694835,-23.305094290961534,23.54528150823108,104.80962347274084,-55.254341073964234,56.44989157565794,-109.93545629248034,83.2997763728015,28.942100158849957,82.09917507423094,-34.83340553183105,-34.62167032102633,-102.08782506189729,51.82337226701506,-21.072138401314273,0.0
-0.4701023346380255,-1.3314787266645074,0.7387757252240126,0.9886507674001787,0.02458619117537535,0.013144953502758648,0.14762245601512242,-0.5501008004763145,0.14598612401360267,-0.07110653643596108,0.7686991095913487,-0.3155234926443454,-0.054587527296638426,-0.5071784783724935,0.0025873942934308758,0.08614760108327577,0.8089134279530904,-0.33825373024948097,-0.014993583542930495,-0.5706535125824799,-1.6097466160122649,0.062226259866223835,0.02124889291017166,0.10618946712197111,0.2115813911020768,-1.315096059064425,-2.316180728109941,1.2101118154725132,6.396803396987737,-2.916778055143557,-1.1374997937563103,-1.8624052521003178,1.7055078816011389,-1.5145724268219227,-0.0038445392527822475,2.512040616930284,-1.6884146853573714,1.1717266004372338,4.21987268911402,4.500481442154046,18.342724110981592,-11.585468702779332,5.737829570392131,94.08722470192507,-46.66687842057638,35.30838124458257,-136.7752145394973,78.18165297273008,22.212404670957888,62.058181530854085,-36.713753569472274,2.6901959160843845,-95.93049252485538,26.309947135748747,-2.514210540893188,0.0
-0.481436614135607,-1.3630793603354687,0.7406713906130376,0.9882130046866964,0.025736819398026068,0.013984249684463124,0.150256827652284,-0.5661842406152965,0.09413555238412172,-0.04226283821317247,0.8865434825002465,-0.3727376291790999,-0.06938293486407648,-0.5341199074737859,0.03138830108888394,0.055780299373534875,0.7897705429211522,-0.2831880579770173,-0.04965765861871866,-0.5625929131963863,-1.5590906788741958,0.1206935865457405,0.2181396476284182,0.046314539766947146,0.2979338117286903,-0.23359351800542977,-2.7795657806618164,1.6272396385724437,4.860994510709874,-2.404214605136029,-0.584407227663292,-0.9616422108513041,1.2235638276839251,-1.5017664270318305,-1.6600362365699863,2.9394290840033266,-1.703776932094009,0.3976466177165806,2.0105444491695312,2.49093258841895,10.943618050205915,-2.234320835634713,2.799695860497859,67.62727059397002,-17.95824165004089,17.37144513364909,-142.14637596801725,56.485477112826175,11.470363225426885,38.04345054095077,-24.023081890091227,2.410309936787626,-70.14018802556086,19.614426082735708,7.918737664513526,0.0
-0.49257419285447324,-1.3939084617048805,0.7434203216877353,0.9876549301632068,0.028642021769650104,0.014628032367006386,0.1533081673699363,-0.5593889030988543,0.036174431381681124,-0.007649836359680197,0.9609677718901437,-0.4157612248510588,-0.06946442034416528,-0.54560146559459,0.04949049325446287,0.02310223476918257,0.7415624191800466,-0.2177465271107143,-0.08130628830110204,-0.5542827196945714,-1.530134009043068,0.14178251014462748,0.3618275854310827,0.02894889766577745,0.303553311072965,0.7737347121690552,-2.9555103240285656,1.7793129889658992,2.7320188847058895,-1.8094490029950057,0.07990415260080445,-0.3599690228494046,0.6757446061695251,-1.7202186284334569,-2.825070921261473,3.2736603769430235,-1.5347652189008334,0.03785416837979606,0.5498146614689055,-0.17073254071007074,5.844230818834121,2.184848822673,-3.312605852357012,41.60329763460758,1.4064326048509925,2.5321050429046106,-106.7669895184489,39.008293119780156,-1.750457678374859,9.555793237258024,-6.323668762066488,6.499537311236843,-11.279205006158389,-83.40060118884686,0.34328207466710126,0.0
-0.5035094733558548,-1.4244355874111894,0.7464018353860641,0.9871171526725473,0.032248073422769245,0.015181439027095433,0.1559785644543186,-0.5343897276243069,-0.022270585157105272,0.027319064322220792,0.9948370537293284,-0.4449930989189986,-0.05668680635121709,-0.5484877876016666,0.060006106530142225,-0.014132267950620713,0.6807931245390886,-0.17174091386599058,-0.10642358198145117,-0.5444012079898581,-1.5279972876842853,0.14536991789193635,0.3534857806849452,0.016960516597013867,0.22902628832021765,1.5258408776975603,-2.8355192053132416,1.683664001767019,1.0284657598824372,-1.2068788794378862,0.631034500844849,-0.05740336657557296,0.4857503806331666,-1.9255481907130496,-3.1171891598775106,1.4698670442488064,-1.1454936260583963,-0.060359829433735204,-0.6877183744648868,-1.1957689905648263,-2.1165715664490223,3.427372085011639,-6.937159813351071,20.592004182950863,15.424649598510005,-9.743946889543095,-57.616642253904885,25.533651520464755,-13.121986698486612,1.434585250222238,6.775301360283523,2.5481772536758007,1.404146979583055,-99.1424657083566,11.160433427705962,0.0
-0.5142500719204757,-1.4551462071754921,0.7493639387474287,0.9867246711082406,0.03507515163436135,0.015419838717947922,0.15781757106885802,-0.4965729821380896,-0.07662986600327316,0.0573080761272616,1.0014403584999763,-0.46533709938272894,-0.038100625893966164,-0.5458338289007707,0.06820719307002691,-0.05811947327644879,0.6145263657671988,-0.1601522984861805,-0.1217042934941958,-0.5356394418855308,-1.548825699509572,0.13948934469551616,0.2079359363032305,-0.0039418243570196135,0.1381023727139172,2.0396501110947827,-2.5368762562306544,1.35301343339822,0.0330003365919258,-0.8586727524712264,0.8395988538676508,0.1606307414809548,0.5394585273967412,-2.2076645395557577,-3.3021401150251353,-0.125909688617995,-0.311950065307328,-0.1831641870398492,-1.9807042973247622,-1.8268450955157018,-8.75697526264038,3.7172001330240145,-6.873567331931536,5.603867571815162,25.492311086565362,-15.853165237146829,-14.024469884482002,17.340622091879165,-18.030310440198523,-4.568405007032364,26.822958066688674,12.966488356086646,10.620409279930856,-82.32654393327199,44.00224319796396,0.0
-0.52482801508918,-1.4865141980927443,0.7520667227750703,0.9864545531999074,0.03609447672457124,0.015133618734743904,0.15929713370033605,-0.45021031945397433,-0.12429594211442795,0.07810274359804842,0.9910227425192439,-0.48154618761670803,-0.017052428341760104,-0.5394056688327123,0.07956809129353624,-0.10624107593120358,0.5455358231767452,-0.16790668070021772,-0.1005689701215108,-0.5284863447158485,-1.5897596333843447,0.11846590226488392,0.002049562985220587,-0.029976441406031347,0.1506469878307895,2.375513541675357,-2.179774329465394,0.8416146737476935,-0.6324542379251179,-0.716070570427544,0.9356688925373652,0.3421562778615943,0.7416986432952837,-2.400396536576933,-3.40289406859496,-1.0171715223597093,1.6378613836867184,-0.36698751432897087,-2.734702220104307,-2.8516984261229283,-9.739167735577224,3.8994327516729372,-0.8653969407041824,-6.016107733317847,27.404909400819694,-17.17498242405812,10.329493456007672,12.821561272914096,-19.716350501999294,-5.6448236636828435,30.079970259247723,16.152290161420442,13.981924761255103,-82.8541745422251,45.37475518945254,0.0
-0.5353218523083424,-1.5188663035671501,0.7541556884755216,0.9861934261461389,0.03507994158813763,0.014510812083186659,0.16118734521357572,-0.39792328456622567,-0.16447322707919979,0.08669821260149868,0.962955760312676,-0.493918664948248,0.00861420029783032,-0.5301425656716394,0.09693947913328174,-0.1556455943291029,0.47550750180636103,-0.1959911904103479,-0.03996796606201651,-0.5276483975620786,-1.6446833392413507,0.07652602042472856,-0.1984702209332999,-0.005809410237324487,0.22463092669730142,2.5826985945275927,-1.786712506577195,0.20554939009731482,-1.5002677353495417,-0.5578762110654708,1.1620982370748443,0.45201649534126803,1.0896172065285608,-2.3790295987198187,-3.4403081050771585,-2.097788514643127,3.47249614473382,-0.8061769531759113,-3.2308810937591907,-4.3298262518309585,-8.20639863587096,6.473153876672386,4.1543764386333155,-19.323978480006303,29.143632638879318,-15.477891239837115,23.970421898279653,7.4198810027915165,-23.300885590956625,-9.219238184579261,32.31928976725549,25.025208863382353,13.799449073152964,-84.38257430119538,24.537676780699044,0.0
-0.5457621901796801,-1.552434763611898,0.7548843896751983,0.9857746098964081,0.03223061208830719,0.01409755724563029,0.16434982509179843,-0.3392580006180028,-0.19490502128206316,0.07797188513337457,0.8958937113660433,-0.49209633783781975,0.0530150619512714,-0.5195549802870272,0.12192395969564489,-0.20257037146954235,0.40436642179563753,-0.2402504057760949,0.05179723758383449,-0.5267313440388817,-1.7112464727281578,-0.02131641068357576,-0.3647718890162369,0.0853360190450306,0.42280533465866366,2.8100872103075827,-1.1899392847720691,-0.7733269181609482,-3.7138334662533823,0.12270564822961329,2.0928702895499827,0.43048300302547804,1.47086244978569,-2.181520834776881,-3.446809635586546,-2.824901654227122,4.802055292958134,-1.2263071836988801,-3.8309008350135145,-8.166067359830164,-6.591003036679485,11.096714120406698,14.818433604614052,-41.665485982227615,42.632440659046324,-20.48662987027501,35.62132743577857,-10.70163708558064,-39.63640744556425,-22.133558946149233,29.115644666560215,32.788810288408115,21.994432439811966,-77.29853462149474,-2.544889177693925,0.0
-0.556238107020505,-1.5884827836608153,0.7527227266792277,0.985155303547783,0.02515778396911143,0.015109293387945857,0.16913847300586948,-0.2652793877252409,-0.17448143458851378,0.06018291746097226,0.714409307688799,-0.46171811930390483,0.15466156770756084,-0.5605757294165642,0.17229067641474965,-0.16432558473046183,0.4822870776006234,-0.2673165132498992,0.06099982476620768,-0.5103544620474862,-1.8935446691790871,-0.1920817692557213,-1.1254330708351856,0.33273748016286553,1.0018380327762655,3.563156946343101,2.683889310403661,-1.5890176022644162,-10.444926515394922,1.3966514788093147,4.838507149910981,-2.685590605072485,2.713596924560539,2.8930148640142823,6.515423850194175,-0.36627434145247784,-0.401548248683576,1.6660813268042698,-11.31283404868394,-9.879879761406512,-59.63274391548077,12.422956937892993,89.42089557187866,-82.4877529819532,173.551784080327,-115.13408897088729,54.14003390245106,-50.72666767902352,-95.6633397129476,11.175818543189283,-25.62073190361458,-79.3970700601625,50.90998304362227,78.72006524177175,-9.090478726157654,0.0
-0.5661904220255997,-1.6270766780801438,0.7494433044259821,0.9831408678793859,0.014034548799332535,0.015669687379014592,0.18163569649937208,-0.23057355804971486,-0.07551515764503323,0.09742649609170416,0.5683821262021761,-0.3776374395308946,0.18199599007018205,-0.6048105465740574,0.22469877812051356,-0.08485287870279844,0.6108965580348766,-0.2770471343136663,0.01020745296116872,-0.5342801478286554,-1.8773736060717479,-0.013341831360186775,-0.5314245965744936,0.29165014997153443,1.6062077357754643,-1.6548151114038974,3.4800257856025976,-0.12807828229648638,-0.7725306363599201,1.8924350228178393,-2.0070091419758618,-1.318069653117263,0.9725174636767377,3.4639388475266824,5.268192291495762,-0.3301962200091186,-2.553349859449142,-1.4483564581235153,8.34642776716385,20.03259424343705,70.84140339474531,-12.900903921443412,16.363851866451565,-230.21430900618628,-185.6928200872796,-195.35651616191254,460.8119809847616,-171.76223440398365,-124.76569412228072,145.62746764691613,-196.39067996351642,-69.93708740305269,-181.6648430216204,12.883430945892892,40.1363139724065,0.0
-0.5772075114450625,-1.6629887268943873,0.7515133266282835,0.9809431822944082,0.01555557910341017,0.017884371653721823,0.19284357992795606,-0.279264086597134,-0.028671090462501794,0.08932525136222452,0.5834607122418621,-0.3466313618700101,0.12135659012584835,-0.6254174446717297,0.21606961910996,-0.021282549922210955,0.7481597804841879,-0.294084555748332,-0.022024669640350006,-0.5371382054997237,-1.7418721168485545,0.1859678063500037,0.5725247166504297,0.045158827113569416,0.7028322679499318,-2.0972566884242765,1.8784132330771026,-0.11686578907271514,0.41472669413822294,1.7836961516526684,-3.1524492873813994,-0.2156724260546338,-1.3460572878492747,2.7763852441592825,6.497403355921844,-0.6344393541798614,-1.2659637127122867,2.779705316851124,4.711899111368034,7.816584952014967,31.274938015692886,-20.908598720143083,-50.09915217889445,83.5442796289868,-16.904143241324388,64.57558829786237,-108.8255232940145,35.559353652757736,26.8665061431222,114.23761128063802,-85.21744361810259,-48.27407643836801,-128.75407854249374,33.33500420081107,24.639126322439857,0.0
-0.5877287983770657,-1.697853644163051,0.7553586267548011,0.9797091633320967,0.02156727660813294,0.01952589820853589,0.19830165698243968,-0.3167943347787417,0.012713298354271742,0.09583587622337154,0.5840669772965983,-0.31435986318036047,0.06925918800515413,-0.6194644163397887,0.175813678501673,0.022772203689225473,0.8722749190986256,-0.32468786430187796,-0.03791134891755879,-0.511410824020011,-1.7533292175746573,0.19576753787295648,0.5739916055231902,0.05955308280836939,0.4722612182150868,-1.6024209663958795,2.3382475744270677,0.715544121134712,-0.4312183466105616,1.5082700967895664,-1.9968644693223867,0.8862077590508112,-2.4340763559211767,1.7991095727642235,5.198212583447615,-1.4328862629097174,-0.6210634421496186,1.8361272635091388,-1.8577249267138811,0.036944416903184674,-9.315823538064755,1.137005779457527,-8.478906268972061,30.820054987920734,36.55097912327489,42.394911535129005,-53.34995875076968,-11.464019798274137,72.26484530113193,69.70628493291629,-36.88485795339396,-38.507651393897845,-147.25698821069287,32.46973051956194,12.663008620203607,0.0
-0.5976343369853879,-1.7333818196103308,0.7586125746299905,0.9786642573479385,0.026413701301738247,0.021342527431688546,0.2026402830040915,-0.3433225449604288,0.06669771969927517,0.12127339434706076,0.5608820238062575,-0.2604227634521872,0.06258660797911864,-0.596009844708791,0.12513666286191924,0.06290596556838242,0.9710335716819566,-0.37304197401045686,-0.04308891402242515,-0.469913382834932,-1.8158585998862944,0.11920878991787114,0.3037301120354021,0.1111479444201834,0.4952106118047246,-1.047200301744045,3.670258501369862,2.455717028269118,-1.900344124834089,5.014355204155757,1.3261629575982612,1.5278914262208168,-2.45864998649623,1.9710463714667519,4.1812431706536755,-2.2559672827341277,-0.1710636810394305,3.235910250099106,-5.505376715972513,-6.472626454681626,-31.250879304398016,2.4294234363469736,13.30034482688435,18.349603289620035,123.86474024420635,123.87588792677725,-44.53389297984227,162.55782375990174,70.8447578625072,42.33730858032129,14.195695346710925,-22.22023636072403,-106.80977969124422,45.25612915381665,2.707891812834715,0.0
-0.6069990056685505,-1.7695864997936461,0.7599041113085602,0.9773546003455388,0.030512064183375244,0.023812559817015973,0.2080383645331871,-0.36083084061704895,0.1277919353564163,0.15800323092267426,0.5148159260291603,-0.18956892101276449,0.05424173380623081,-0.5578992156395565,0.07357706201792719,0.11691712956739334,1.0267516894626256,-0.44794401918553267,-0.02648900043941759,-0.4746995281571531,-1.8108841551157642,0.014573960054128452,0.5371342616094298,0.2691760567037642,0.6535913112805438,-0.9607909504728853,2.509731876083186,1.3013202686446659,-2.3824274879055034,2.543328237069855,-0.7204448566569557,2.062301494878674,-2.801351815269229,2.9133249235832457,1.7251627902612883,-3.607352070427442,0.8516722296209147,-1.2040271455825728,-0.5170241694462436,-6.095208703303196,8.621385762856274,13.015238849259285,12.860641312847033,-23.76308098023112,-62.30122694293068,-65.3329998362645,5.709244014586778,-99.97017965563985,6.714227026258986,4.961624251370067,-30.25620532249874,-0.8236439973700431,-103.39698397752589,60.23780721657744,-18.4272745156133,0.0
-0.6166689905553884,-1.8056207599977365,0.7593027415123672,0.9753362694309876,0.03545732249273632,0.027822701575449763,0.2160736844021817,-0.3955933327028375,0.14734599232223056,0.13028765433168324,0.49810729070546556,-0.22720242388460796,0.010925348075240609,-0.4874271067249044,0.01488356424261421,0.175281767748244,0.9277407310437698,-0.48673034591249964,-0.005417368151002409,-0.4972355150519023,-1.7918545552204321,-0.0994181618815018,0.6555361290865279,0.37480186317316166,0.7952631243906558,-2.059701652810433,0.047405688800504386,-2.574557706979008,-0.12590627789842823,-2.8640651134037145,-1.6099248764165146,3.9097794867911806,-2.999344517759172,2.835617817012344,-7.738894029847515,-1.5872092768558321,0.9184732366428174,-1.7814568217055344,1.246504359488026,-10.496094596253268,15.589551726290166,6.522074268872714,-19.524515588762444,-3.7834884744998036,-75.5032747330286,-52.179966860385186,63.53170914885663,-20.363122175759386,113.08674959315897,-16.41636199768163,0.1456313721283794,-15.164422884637109,-113.40749900693962,9.254907906665604,-22.09849712282473,0.0
-0.6269903824318592,-1.8414816562529335,0.7558314003270323,0.9738974711887741,0.039789033588842185,0.032592010800765576,0.2210843939543003,-0.45457101190300536,0.12925025616474498,0.04167597989020763,0.5887848220566694,-0.29954927519153957,-0.0225585422614701,-0.41694976905771686,-0.05152147704852948,0.16868792496175822,0.702483349917342,-0.3960068613996767,-0.0065965224902110485,-0.5561010424335437,-1.8155940213921666,-0.17991708738712228,0.3511211099851153,0.5212515717237732,-0.31061305655542415,-2.803686772093828,-0.8549139736123496,-3.942175502416425,5.691881297031357,-2.9080851058296715,-1.4373669072489346,0.09130241791978422,-2.2631997980453247,-2.892897451862621,-7.382797936807638,10.65958828346067,0.12113325368931777,-3.8412100760093857,-3.7724905649208624,5.347229469855749,-28.99212075708523,12.450766781940082,-117.56554350766356,79.44609268351013,52.385904557653525,128.93611837182075,-33.81860285798838,99.9670724650503,31.53867681341207,-479.6584349542405,247.85727093806364,-153.32371881811076,746.2741520978454,476.84839230477326,-249.93757661568583,0.0
-0.6377328122716156,-1.8789864978482347,0.7541011462140533,0.9750456860850991,0.03681152345546013,0.03653219803442303,0.21586157669789374,-0.4968227071905161,0.12262545463432019,-0.01077935749932157,0.6983335658111046,-0.35340262125572974,-0.02962631227672308,-0.4617205631389796,-0.03402531553285658,0.1248824517617865,0.6707788576777913,-0.295971303285735,-0.023264127208833373,-0.4964126837567152,-1.8912782312668186,-0.014521857178399874,-0.49426767323076215,0.18522191171227834,-0.553300651129761,-1.1349086316635122,-0.3114508713127427,-1.8402622668179502,4.564542847209237,-2.224174798035784,-0.08378244821347255,-2.492835278335986,2.4291232567589143,-1.653813552971103,0.019394577616243327,3.3171430706531493,-1.5412421026131502,5.497362970647898,0.45239841744955295,7.035806516257577,-22.44019763490448,-34.463721253488636,12.863613304696178,126.57201418625824,-26.86674485235115,69.16388096676197,-131.64776808856706,53.28036742823972,11.336646102252598,57.3007907708669,89.33518369838666,26.74165377171514,9.455461597347282,-48.12367565322765,-52.960184779017354,0.0
-0.6472516171827577,-1.9157555604502743,0.7544031250458536,0.9757676451892168,0.033256600191200233,0.03450021932891165,0.21349762530733316,-0.5097504210447689,0.09931939674704926,-0.02697247935312356,0.8197350650066242,-0.41642616178645314,-0.046581985167849956,-0.5008016874896513,0.007600126245009789,0.08505917964893181,0.6703974194370192,-0.24557932123799764,-0.053458910638046066,-0.4518404421384797,-1.790439786179795,0.04272248814715456,-0.24414319743879118,-0.420198024681396,-0.03228242080664766,0.1850394168890674,-1.9421343136279876,-0.015400474612549009,5.912295814098461,-2.764499421547647,-0.8706155626124422,-1.2735404032516493,1.6891074141246172,-2.188766004073538,-0.5018295975032323,2.2950225296069746,-1.535177279273964,2.89776840564627,5.430532805131248,2.924241627552533,18.159059072088773,-31.964600861409917,21.4384926614099,113.41965378574008,-89.57213104255918,81.07770031003284,-94.28127982371622,71.26871276640242,13.539298154815318,83.59650317723339,-47.64035491546868,-16.08131886097193,-71.93314814501522,-4.436602742140672,-4.231822564055693,0.0
-0.6560991032452296,-1.9507903310801042,0.7555563533959561,0.9758925192817205,0.032778808071866825,0.02872884284023568,0.21385507742493565,-0.4965056665962438,0.04895444647070948,-0.009332215846890002,0.9456889755961863,-0.4671578175743374,-0.05059430594367027,-0.5123841005898162,0.035574548581365446,0.039806686497049146,0.638737525051541,-0.18717368548131655,-0.07489438879909881,-0.43593928002003196,-1.715765065796579,0.06559052240497575,-0.06249757443018058,-0.6514613939684396,0.06711895800179149,1.288711031363181,-3.0667264465666344,1.5031326471330932,5.674015831859472,-2.0317401613194415,-0.04770634373891706,-0.09788620193712641,0.9451196288489675,-2.5308931003716126,-2.355381524700591,3.430748674706969,-0.7383069887039584,0.5013490070773247,3.8059375662841455,0.2970214406707354,13.44383050296361,-8.836709659877874,-3.2208335998933717,78.140050993967,-61.00245165016801,60.50278534843627,-120.59759577167411,57.719822587037,5.911757943536071,38.904295362594254,-48.29570895985188,-28.63984755162012,-54.52151513578032,-5.193073870451,22.128345310223274,0.0
-0.6647938108878854,-1.9848510845591232,0.7569588174267624,0.9760665182538529,0.03311878055305432,0.022327221360449036,0.21377276137244622,-0.4610962587231847,-0.018144278053288047,0.030351060624467553,1.04369911555011,-0.5041524159744538,-0.04126801250880392,-0.5088886940857317,0.049543056220543606,-0.019063488044965306,0.5821794208365652,-0.13598794183351556,-0.08510872990005562,-0.43574205642654773,-1.6990266437686135,0.0676495182557537,-0.14445498202814455,-0.5867134212552881,-0.07831660867149176,2.1671271657415265,-3.5565585175233037,2.2733827578085695,3.9465346355809428,-1.5235172747793402,0.46369016702762533,0.2957642231540101,0.6800226266017455,-3.094837940746042,-3.034522903910307,1.5433214138599367,-0.5243315287822014,-0.3493683035994559,-0.07955755162659464,-0.9881869731606105,-5.166002999268686,7.975119946995861,-12.884307471911518,39.554793347894034,-19.42174498259464,23.317567395277507,-119.37806129017089,37.49812400071256,-11.405595990504041,5.7916004445748825,10.965566982135012,-3.9905609448870356,-13.408778068635726,-123.93120370500085,-15.30928035717727,0.0
-0.6736201865205905,-2.0188853993721514,0.7581492763008167,0.9764847205757983,0.03206303514117038,0.016982233074278225,0.2125115432614229,-0.41135829837798615,-0.09318745624043286,0.07752552885571126,1.098179735103404,-0.5362057369776693,-0.029618451947347947,-0.5000512874678028,0.05882910830708783,-0.09158124714257038,0.5140468112201088,-0.11809253447606353,-0.08536581908950763,-0.4490194558429686,-1.7143181402586578,0.04109244167655595,-0.2965510887991439,-0.3962132073456773,-0.1885874193054301,2.612644812666879,-3.80958197189348,2.3819943685218328,1.8476573221428412,-1.418384119915762,0.5010073659351092,0.40609025290563516,0.6086732935300704,-3.666323250661088,-3.4506013657658845,0.12713179180421463,0.5146931535680762,-1.0997226347858522,-2.211231723309215,-3.0778334680589596,-10.558185577883838,15.181791348331782,-10.183295243936714,2.0557038364579983,1.1041491747991503,-1.8771764634879822,-83.4064123326462,27.411957588306894,-12.963292144162507,-14.394852581947706,38.68875607689703,23.815550637822238,9.181052081535537,-93.51700535835505,62.76080892674807,0.0
-0.6827399730177428,-2.053645096344198,0.7585839505478226,0.9769791707635295,0.02867996336495774,0.013455032103577177,0.21096948051005332,-0.3563692008490644,-0.16938422149293328,0.11980937319657924,1.1062920789780961,-0.562641044811556,-0.011306801336689638,-0.491148568843252,0.07167447091458616,-0.16981131016466067,0.44111665366259584,-0.1197574712066882,-0.04089372333777343,-0.4661154005535475,-1.7671831892100855,-0.010890640323706294,-0.5075446797342421,-0.14077168004618235,-0.14636034369097872,2.6404977017788296,-3.6936968049917773,1.8982974464514306,-0.2657587357323789,-1.1731259289868996,0.844918539937076,0.32805506487953595,0.9364345774955484,-3.7980112442898077,-3.5756481961509197,-0.8437771805947525,2.8703579681264912,-1.459868404636422,-3.924508279862901,-4.90767288964815,-11.95394470632756,18.270030869520664,0.45609511408879927,-28.022920712651487,20.75916758181398,-22.773145574749048,-37.66692788084421,19.078003180432507,-18.052573118141776,-23.154459668236875,51.25234780412479,39.76818718852828,18.977466200650188,-104.07381219672426,44.975427368052465,0.0
-0.6921576207380885,-2.0897692530991945,0.7577870482469743,0.9772060796251523,0.022609663665503772,0.012387728392457557,0.2107216771901924,-0.2995533881164552,-0.23949919500466468,0.14159102569115695,1.0534795451038221,-0.5730231806004877,0.020494222540376,-0.48581791555329973,0.09355384564725103,-0.2466934151679889,0.36877641719923077,-0.14827171529445174,0.05242434428657697,-0.481544675376754,-1.8490908107148276,-0.08920721055428497,-0.7208445190966496,0.2020334890344198,0.08076192532265866,2.6239049478639958,-3.17776820242262,0.54843100065567,-3.389214890225638,-0.3955458134944167,1.4942545696292888,0.06582198333729472,1.451712085420178,-3.581179107351459,-3.4991588995607,-2.36205469790723,5.153991841540121,-1.6942134754721454,-5.381793033471273,-7.320456469616548,-11.352351379408214,22.92641209466182,15.387687525983704,-50.01941274928503,47.3890587313811,-46.92253234586226,-0.7267289321389185,-0.16450559185269498,-28.658837650948747,-32.8633750654774,53.626790094920935,56.119365031965465,19.0838215271194,-109.68034734068729,16.00562642917605,0.0
-0.7013170976168622,-2.127919784829655,0.7548563296682052,0.9772018336823606,0.012586795990657958,0.013384628524776118,0.2115159581066528,-0.2224240813297925,-0.28229218645768,0.12382583512121337,0.8671618749882085,-0.5726681472373318,0.11045219945067974,-0.509412286694643,0.14175852233077463,-0.2582963932097544,0.3617240678432684,-0.18534359597581238,0.11649100714554898,-0.44736141301301746,-1.9815906786573176,-0.22052654278821124,-1.3022772788599504,0.47343687651034533,0.3831024634118175,3.9370247184972818,-0.994865888680994,-2.05538344066884,-11.051430774556174,-0.06386458442178868,4.376969470667812,-1.8215114958220284,2.869497115854551,0.9399460979959116,1.1317239584199772,-1.398917903081438,2.3027932221316227,0.2813592129798715,-10.079701874185005,-9.632897940481838,-47.061712040281904,24.55044370175016,57.45304301655023,-60.211110345221705,149.12450472907975,-114.02402620703486,28.913021433082374,-21.85704882406838,-81.60507343401294,-45.88903227044217,16.835538628417456,35.40184227610016,76.49135487054251,55.258533393949676,-60.137670542219325,0.0
-0.7089988006028897,-2.169619647104372,0.7485672076705366,0.9759557994458486,-0.006354826426611849,0.01303275381955235,0.21748572605341476,-0.12133508704211518,-0.22995450669322984,0.1344180024407263,0.593794806191218,-0.4907120846669006,0.22106077421763223,-0.5696799682274643,0.22139601377921925,-0.183369673277926,0.4676297247976176,-0.21856163675540283,0.08825141372959301,-0.3408727487206704,-2.1862734612929433,-0.4036834485012627,-2.4470039214219326,0.35985448405110787,1.2847129396823251,4.80508493374662,4.788461434956572,1.1283807142211657,-12.645683932824767,4.302445646655751,4.828135769080037,-3.1320379561074185,4.080200829487545,3.17087576640164,6.0647487773917605,-1.1132898323936724,-1.8335021186791425,3.650770874685019,-11.655178920233467,-10.230606399925584,-67.08543021357573,4.617956084578536,111.29123559065876,-114.31025515368971,169.57461966559939,-77.28452259939166,312.7309392177175,-87.64997710644114,-109.67304340722663,28.121204313539256,-43.35167303029265,-193.81791228642794,-65.41780747482903,63.5461939059462,26.31697157787409,0.0
-0.7166617116597622,-2.2134620753138847,0.7414847878686605,0.9712975181098257,-0.028905383057727992,0.01450674188501189,0.23565900064258,-0.09330346808764224,-0.11207622108080562,0.1918138282152989,0.46821181883316815,-0.4498979126500544,0.2718605444771557,-0.6412399820259929,0.2829874267647461,-0.12174742652465832,0.6073744128304865,-0.24620791393224226,0.04327116771397354,-0.4674181402756333,-2.0494568037287566,-0.06839690130107087,-1.0311369985070151,0.7762594216044139,2.2578526956680385,-3.601166744723219,4.058771048709441,0.20999583336322009,2.7567727649875247,-1.5310907534568634,0.33681180856521503,-2.7896809025987026,0.43107481813331083,2.388629959778335,5.967689398640318,-1.06860137747193,-1.9903587571995105,-5.162129170022682,20.914611112648316,37.786937630392146,143.93096780767047,-9.828585967983873,5.080290358710642,-364.6902061656235,-225.03634095549913,-246.06677965999717,659.819810747707,-83.30419558861666,-239.67621997244018,172.3997903464936,-282.41627598394933,-24.590617657282557,-191.3662379208163,31.0283202893215,33.70349643815583,0.0
-0.7265016538969514,-2.2514426694413388,0.7440523510680093,0.9673156511409152,-0.030212523629403135,0.021073432168210143,0.2508855215639614,-0.19257961614153832,-0.05795885945692125,0.18528925425525686,0.5724843777346205,-0.47216489151182567,0.2336152953252718,-0.6754839343733172,0.2623638686753338,-0.07978313259256256,0.7162883582856083,-0.2460834172775967,0.03306298493058589,-0.47556576764742536,-1.7922521881233107,0.23829731023699485,0.582359968388029,0.36125749572670707,0.9108373325232105,-4.458675092203263,1.9156305178827766,-0.17395402026264928,4.53041792841991,-0.06863428661813115,-2.7851417351532914,-0.5754103697845412,-1.660924186809423,2.0093164864342916,4.467058812793343,0.3141153847417079,-0.1739797663339725,3.398076110640978,10.538847229205562,8.980038556757114,50.05990585508714,-34.653166176986325,-80.3208762668135,134.51667548494444,-66.92137814786483,45.74623770659028,-205.38572633092312,139.3501192582488,-36.001500292509,130.55192228559417,-40.52989617384613,-7.451483066891351,-132.78988779137032,8.585271504301014,8.212536789825876,0.0
-0.7356261552367453,-2.287028490429634,0.7487823700742814,0.9657552582133765,-0.0251272238693427,0.025716980428114686,0.25695143660134134,-0.2739079635002477,-0.021614320051320725,0.1790517226114312,0.6452255043776853,-0.45783219178015094,0.1750483563779452,-0.6807209849884575,0.22297804950848918,-0.05751700091728743,0.8076345538283686,-0.2531300725987138,0.03193744107208311,-0.4314700382145746,-1.771302247486202,0.23683174587306594,0.5519889612791302,0.22730070859446666,0.38736618193394945,-3.498799913819445,1.8305751094677392,-0.29304426417914164,2.5878253815201515,1.3201481770061425,-2.811181212509731,0.19732017206667166,-1.9813288785277106,0.6979062358421317,3.96204841135107,-0.3597685403943826,-0.01494668211676679,3.1093669540665068,0.612933299807043,0.0991757754088303,-6.845885015858308,-9.89198777924905,-31.83853273372008,71.75495033343722,7.48344685733141,8.673126318370477,-124.82508528559744,59.8020870099159,23.883238849489324,59.1104613063403,13.471182892943578,-26.509257025455852,-101.46291608794004,12.556172783078006,1.957058650055072,0.0
-0.7439211464996272,-2.3224269535032827,0.7530464084755887,0.9650984200453505,-0.020533071457849904,0.02893975692060479,0.2594723936603863,-0.3338078871641774,0.01388417846909905,0.17191759217807517,0.6763275801742481,-0.4210064156347803,0.12744951306855545,-0.6723008430625491,0.17905593760195013,-0.04911698411319021,0.8865099089337205,-0.2862751018125778,0.0124310891164136,-0.39820720151460365,-1.773215497558053,0.19780768831353,0.4598233006343819,0.15241790912430916,0.16427931652745884,-2.5962263098184457,1.803924002067205,-0.37532305360637525,0.7970342514654227,2.173458952201288,-2.096138278731385,0.7223381612432843,-2.2060035181115816,0.3904100389076466,3.3749257907114574,-1.6527271032184978,-0.9998487130084337,1.9431281483080527,-0.7046269006970685,-1.5916799413453024,-8.305189716186073,-3.9078787059244404,-14.854211872477975,40.91596326403309,8.120469487431267,0.17135267183527192,-74.06904746587601,29.13134918911196,27.696620185903257,37.70271532358196,9.607247666396692,7.066494819595397,-89.70200496395404,32.668674278595674,17.602611739816297,0.0
-0.7516039655017627,-2.357930549007105,0.7564267906399995,0.9646203231752948,-0.0163243002573555,0.031084276114452667,0.2612946940080044,-0.3796510659476129,0.04641023687931786,0.1609027776292593,0.6806767230474444,-0.37301845382503546,0.10361068460001521,-0.6550194466306958,0.1302492456078959,-0.04024816335360002,0.9612135608654778,-0.3428541606498127,-0.008205189712775764,-0.3689987996608038,-1.7830660007866102,0.14903694960854125,0.4067990401561263,0.048864317180075424,0.20269676947031756,-2.053909276649544,1.596100548579782,-0.6552590352645395,-0.19957100841879394,2.551398071846753,-0.78283516448645,1.11032483976603,-2.4648233007762905,0.5893922446992063,3.3980640195879093,-2.628386359876711,-0.8961729226419111,1.850911592692288,-1.3188335114793621,-2.112803170254197,-8.20210169701957,-4.843210725116694,-3.0161190970968668,23.96020344960649,3.805799247464745,-9.077586471234547,-39.768145116309576,13.363174920561814,30.867881555821928,33.09624465343492,8.21169260606542,20.43471725971987,-70.95917305969382,56.28563770429592,18.099886521666,0.0
-0.7585875494641635,-2.3938030296095283,0.7589476134308544,0.9640874568271006,-0.012596693088337323,0.03181059067339583,0.2633719522517547,-0.41452935646648564,0.07703798181011166,0.14517419458018077,0.666617870696816,-0.3179300595992986,0.09340494603325766,-0.6275923086400328,0.08096434521044277,-0.022104408409855173,1.027054344397037,-0.40848913716562113,-0.0177572263845454,-0.33204883468020135,-1.8082908757383986,0.10626434940106619,0.3029350306526743,-0.08079828629502842,0.21697505968415964,-1.5309347226664134,1.569587617186177,-0.8527983742460451,-1.041840448232024,2.8726450902816985,-0.2325738683005628,1.6247493789971064,-2.3714319354846727,1.1198426176131566,2.8290608720684154,-2.94138371918714,-0.3511153335769387,1.9295724114445494,-2.099669965287036,-2.465231610599201,-10.368517542315209,-4.63585959899884,-3.6304618040889647,20.116324534239606,11.285379259296574,-4.499106360252209,-31.992692001601466,10.65268278272561,30.12647882439873,28.233067408629633,16.84558295726618,18.47413438793849,-69.6533573212475,62.534093410445706,7.252927895611467,0.0
-0.764880275656891,-2.4302775541590926,0.7605842477328446,0.9635584994102365,-0.009454342031953441,0.031226404107218293,0.2655005561530294,-0.4392233171501843,0.10709789536532134,0.12542721344595084,0.6352762399724619,-0.25602959952580584,0.0894213267068297,-0.590351110050853,0.03461662265353184,0.005984640207829919,1.0757015496774205,-0.4754015189518418,-0.015216092387091583,-0.3020712564909308,-1.842548485803349,0.057367716906744144,0.229337833356788,-0.16595060191281116,0.21404971883890528,-1.0991159060371185,1.5309338563624348,-1.0570281948848232,-1.8174582845257787,3.1905766687006007,-0.05885202716827785,2.016075067818172,-2.22336531221972,1.534642474866721,1.9592519873507028,-2.9718636777986545,0.1749990280056907,1.248804833007897,-2.5504814362178942,-3.18596029602016,-7.909685045408843,-1.108152187625403,-3.839961821433307,7.335458790601773,8.912324659492898,-5.876793278218577,-15.612886057453247,5.31100071576531,17.607349000066872,12.384681356803101,14.2759941258705,6.555016132881772,-57.29143913797309,61.55059676829537,-4.089904200584974,0.0
-0.7706585159378945,-2.467481286443218,0.7610968108568978,0.9629584389116945,-0.006621161277136801,0.029998935628816316,0.2678941376985167,-0.45744627202955546,0.13513843478427223,0.10064420930700987,0.5911562447204567,-0.18982708939878234,0.08845701560014609,-0.5454869216132587,-0.008893993777615364,0.03935346276026168,1.1004098119790175,-0.5379876618857697,0.005630298127097973,-0.28101768617337,-1.8803630056935192,-0.008876040257989931,0.2107223781557436,-0.19124554563489554,0.25511441035229265,-0.8689687176249207,1.3890276528145349,-1.3126105096701697,-2.3459283606111656,3.35913183941239,0.135194838268839,2.3112523345302023,-2.09318061505534,1.6760288047863883,0.7634349524455404,-2.759444117985004,1.0268829999216533,0.6564310797997144,-2.6559490942370854,-4.56758236736664,-4.2077632842883315,2.1709375020454806,-2.8938715864581015,-3.074779687304765,4.906273299807459,-4.128013390624862,-3.6076782169576926,1.557606623917171,28.847206467469228,-1.982979153641924,12.946165107776842,-5.827563187570637,-40.38426085955791,55.40149159494581,-20.734310920886713,0.0
-0.7761498905638708,-2.505265410329949,0.7599869620544428,0.9621982838686064,-0.0035946264741404843,0.02889079090028735,0.27078933395164406,-0.4736635625976803,0.151857592977245,0.059025273546778986,0.5395264459837911,-0.1278890380573432,0.08465775767160433,-0.49304099951256536,-0.04843956257236038,0.07601188390576924,1.088009109953876,-0.5873121848190427,0.04790598459361799,-0.27463118888992666,-1.9042889001260808,-0.10348849183824217,0.2832701200777052,-0.14668388634631152,0.30037866813334757,-0.9121937340528155,0.6220374159087534,-2.381379529901397,-2.4559473833793684,2.539225579250167,-0.11316462513683569,2.628580782994134,-1.866913929252486,1.846066015898341,-1.2095331990861844,-2.116888049190436,1.9810032328281426,-0.35722922687960296,-2.2434037803379185,-6.034036907437447,3.0663982662494154,7.0949832358433005,-5.33910654738869,-18.90492885840654,-6.023307372032608,-10.435891678213592,29.191859630724874,-73.07859399851566,15.240823121722022,-17.51915569885206,13.925459686449877,-5.91204205504074,-25.468979128558445,41.196678860994155,-40.739030024302544,0.0
-0.7815588851660678,-2.5436530223897833,0.7574360905735649,0.9611124920463985,-0.000272848763574958,0.028838908511459194,0.27464708362147355,-0.4959846075463842,0.15070074629864372,-0.013068248040130528,0.5003133133615617,-0.12945737008580488,0.05715513893254088,-0.428445538171585,-0.08244542315461016,0.11000172483729988,1.0059822160139886,-0.6027289500382306,0.08670182549300806,-0.2747730532743177,-1.9405637658809396,-0.16666950955381882,0.3582862701541968,-0.00575737161452965,0.39055132004912296,-1.2863378368570628,-0.22407036483054807,-3.819720119728032,-1.7071016864338553,-0.8984568942948132,-1.1140764938848617,3.220365207711311,-1.5203464990910316,1.5984234666427388,-5.021102789701393,-0.4343270355200899,1.638016951158866,-1.0415197358731956,-3.0227526909694022,-5.743746742726302,7.535953885893526,12.77952432196194,-10.733620650536718,-19.85716502324217,8.51089122618954,23.075126592147214,23.580634335129375,-39.628665941733644,60.53335429850731,-37.84854454307715,22.58446815158642,-11.23136857675564,0.9714341276695713,7.968474465616218,-38.045522359612676,0.0
-0.7867694888679132,-2.5823643397649154,0.7532485928166317,0.9597763194287344,0.0034768611084801775,0.029086640601510814,0.2792334067392026,-0.5279819157355986,0.13679932798124603,-0.10671755336639956,0.4926130170547642,-0.20441133730455918,0.017559119603244536,-0.3359621697389374,-0.11416102217920297,0.12288120707952475,0.7904845441122655,-0.5062944176031209,0.0816403103195725,-0.2664427763747666,-1.9427753910915426,-0.28584182188287444,0.45441151087480774,-0.0542604286814944,0.3726294162895605,-1.788353615941385,-0.7138238661019666,-4.431080651045348,0.20176266770735618,-4.072808970585235,-1.4971551213263887,4.732537074358851,-1.4900862804854227,0.2501032320311179,-12.150522887795594,5.211211966676065,-0.5597878317213556,-2.0713025642729903,-1.7165709714139739,-11.067872736907953,17.503140144404227,8.493694084389775,-27.657855113799247,-19.79940451260744,21.92234507976776,81.118873842552,40.99408256031567,47.27003614338666,68.76715270916453,-67.44118209300055,19.536510113483672,-20.543811734474847,83.03707270546197,-96.23908031260383,2.501396591079126,0.0
-0.79307929959937,-2.621881327801637,0.7470395869807267,0.9592037113768741,0.005784315241073381,0.031639676038927596,0.2808802461515838,-0.5844051575104764,0.1364701339644661,-0.12401744086553758,0.5575827497026025,-0.26092028859288957,-0.004054514727999877,-0.29719954099047924,-0.12625230084868982,0.10153803723445105,0.6303550245232757,-0.4040881006324153,0.08498915728145504,-0.3579727474282053,-2.011357324224454,-0.18430922355381207,-0.12446948136265264,0.40645576828809793,-0.2022944202678306,-2.914788103875859,0.5538579565942575,0.7265270001375234,3.6912931392610218,-1.8647221858894354,-0.8814804726338621,-2.296318577855395,1.5979885136381844,-0.7448332856197105,-0.3053562225067856,1.5594984012118074,0.5649859364876016,-1.4912059231915011,-0.5463001205134567,19.689721322415537,-48.00472213525763,4.8221301773536815,-18.98303334206685,56.277247223461636,10.968591032973851,58.8365811114424,-52.564360292441634,73.21865489672581,19.137374291731273,-325.91988756805983,211.82028069480822,43.147536995768526,626.9383583789632,-229.1573649571029,-277.89346676565134,0.0
-0.8003315643308819,-2.6614499269958367,0.7454930040747603,0.9600214012714819,0.001989149336523359,0.03377257278725951,0.2778747302526584,-0.6355917239791484,0.14447446785374324,-0.09270428458024173,0.6639313039754328,-0.30451131581524055,-0.02879582606391406,-0.37270108352998665,-0.07592880461911243,0.089434133809762,0.685648299238073,-0.39203029470361633,0.06481606048649569,-0.34119257197370745,-1.9301032623496328,0.0061659417881875685,-0.33742021348379264,0.07625635853590887,-0.229866625421155,-1.6322217394787883,-0.14235425434861096,1.677116441798409,5.222011043656205,-1.786446817588037,-1.1379307960962135,-3.652533307397435,2.700300014022179,-0.7822427173607811,3.1001109068497423,0.673904976598475,-1.6781578002048227,3.6007193498423677,6.276114058032677,8.757973366960478,0.823294037813272,-32.53847526737606,20.981877503647496,135.60906238696992,-82.95168016329896,-14.911888285642041,-88.8463694782559,54.45733709290437,20.345281002810353,84.00734416272574,-11.075764333197311,-35.05239164605416,-80.36247722090714,50.003740162159225,-38.861606277591456,0.0
-0.8070887431467082,-2.6986978699648283,0.7466720816507116,0.9602781660801,0.00041190482452014036,0.03265384928987415,0.2771270470575032,-0.6590269044898553,0.126739757045971,-0.05640747510736314,0.7882101116134168,-0.35775328145142327,-0.05228115967848756,-0.43209119911785965,-0.028844583746640787,0.07027595308169415,0.72689465286213,-0.36745347480749396,0.027465993031437257,-0.3305343501924415,-1.8073176244285725,0.1070923552115863,-0.025775966532161458,-0.1963405952730687,0.05167256681138055,-0.4191662445624935,-1.5477196767446932,1.845142457524398,5.746576007031174,-2.3417034548811815,-1.0348045226480331,-2.2739608688609856,1.9950927745763702,-1.0967106816039365,1.0005243970452307,1.7254707286760937,-1.906285769890815,0.9064281047526779,5.818894545861189,5.359715484185367,17.978880997587545,-14.21574222634407,15.583585853931435,100.05112597262155,-74.83785999866191,-0.7631245956556101,-118.9561445816016,60.21551399369721,18.833063817824947,79.36104772383383,-42.53221566164305,-13.353931794744227,-121.91517129387506,53.32630262005513,2.0557505398352065,0.0
-0.8138348184918661,-2.733915403254701,0.7494911318445694,0.9601143414963964,0.0021972469352562387,0.03115434482170503,0.27785793160818084,-0.6580237209734832,0.0842301546540879,-0.02416663555602363,0.9002253156799048,-0.41096121089564225,-0.06684506888657418,-0.46719450410320096,0.004316642333205953,0.047634030879246336,0.724888056673235,-0.32356635822709723,-0.010960474527372194,-0.34262712285338026,-1.7272886425239073,0.16860469969700206,0.26122523973626444,-0.18035511497013165,0.09433005924748554,0.5758645457820306,-2.5154456793885287,1.5462164105902203,4.784399792847892,-2.2985637099456175,-0.5867408020350082,-1.3792754595111811,1.3676152304863165,-1.1543705158384432,-0.9151487307785118,2.512490275582857,-1.8693122906613253,-0.639385712202849,3.282026644879151,2.7600056411864773,14.92148643260271,2.613485097588824,0.5406078686621076,62.54502388919309,-36.263525809770606,-0.3862487335121476,-124.7674158811717,53.86784473764058,11.664910707452837,36.0376834346653,-32.0932817897599,-1.8676577146612077,-81.08648943102679,29.325664776749335,8.899012054020641,0.0
-0.8207752607673342,-2.767931437157705,0.7532281722775835,0.9597898566378759,0.006177184256424796,0.03083505771380773,0.27895245599473323,-0.6357800581464383,0.028778101576314392,0.0055617018412069475,0.9692925366829868,-0.4514476495980824,-0.0694609004405102,-0.48799697924582863,0.02272574323232682,0.019276112211784654,0.6909810206747903,-0.2680203782993771,-0.045203790416178814,-0.35275975126286185,-1.6817428581473595,0.19001177696246277,0.4681713287554579,-0.09307543390761489,0.13046890686925006,1.476064736764725,-2.9219889903601803,1.4647898271417104,2.4195523003536907,-1.7074256551708575,-0.027052297535036327,-0.8076093154949204,0.48824372517791376,-1.714492700517952,-2.347259748074762,3.4086374703320943,-1.632366702179528,-0.8572403708595243,1.8090578831690072,-0.8171016898623032,11.495456602568519,6.698122873660977,-2.4458950449128336,32.04084418431005,-10.189629048989172,0.10700510788883266,-103.96691642690436,35.40104135991741,4.012271819215628,16.76206030098183,-48.61610392777568,-34.50182650743328,-57.42270965790541,59.655647821398595,5.952463187538006,0.0
-0.8277231368647588,-2.8013745007881368,0.7570400566803381,0.9594744058376862,0.011135124823099772,0.03131830422307124,0.2798285856701968,-0.5976092249777799,-0.028646653457238984,0.03400080154405759,0.9937706400422204,-0.47573736634387576,-0.06027239081535144,-0.4998972919100817,0.029300984274964335,-0.017525640861090538,0.6397733876143739,-0.21984843171628057,-0.06996674399403863,-0.34560352775846376,-1.6722179403804287,0.18114143441492864,0.48098697868366497,-0.05720112320532194,0.06129745491250038,2.1057990245555076,-2.7360537390861475,1.3692926665841205,0.5526762092952172,-0.9686307795465745,0.467869970566368,-0.5163051882778822,0.33182132778865814,-1.8488707541764455,-2.636412940977704,1.5134565566829798,-1.1142373134376276,-0.05720586701066936,-0.6293559848363548,-1.8455185501440223,-2.0873382564260696,6.351440149600881,-7.103819875540036,9.300820561407228,21.802192068663327,-7.030618108585154,-50.87258190393998,20.701229757880398,-9.499723865725063,0.8929850023497607,9.988087962652287,5.7746598198686705,-2.5709777662995688,-96.70292232257171,-4.449874892311818,0.0
-0.8344036967575198,-2.8349041093045906,0.7605268923156902,0.9593043042934897,0.015304633552413953,0.03161180300067464,0.28018157303230196,-0.5494408658318941,-0.07946413966006387,0.057409221640835194,0.9905828610459342,-0.4873246373037928,-0.04447111848355247,-0.5057757892298046,0.035932876161250966,-0.05855696125457774,0.5827886496839353,-0.20587084042873438,-0.08940056264330298,-0.32988470791817526,-1.6858138254592103,0.15791143178898498,0.3425787642599777,-0.07419298512435979,0.015156786627514546,2.4870885536851004,-2.3112680023134526,1.0299325195527382,-0.40136478106451207,-0.43573839676325476,0.7272869080545035,-0.2324503122953276,0.4011224700461912,-2.1849200430125495,-2.916298808511924,-0.02805330660999003,-1.2658488096124143,0.025068029850546986,-1.57586876450195,-2.6421724367059425,-7.485689813993133,4.755290782524147,-5.8803354925196905,-4.30128355784986,30.809857972410004,-13.419106873195735,-3.4449741000457763,9.832988376518745,-15.189894698898687,-4.485920091447275,17.766924003790592,0.5652969690282657,4.182771360609331,-68.25616489451372,0.590387039675889,0.0
-0.8408044745718738,-2.8688598004542945,0.7634104509659196,0.9592323305476251,0.018006062643693223,0.031220093642787362,0.28031129747688893,-0.4951985976991088,-0.1210609372878484,0.07282761293240694,0.9716364645028014,-0.49271595125533235,-0.026239574949921504,-0.5076243362785896,0.04439532830426609,-0.10605025203656361,0.5223449176691823,-0.21002451329992483,-0.09154811935805818,-0.31595800395934903,-1.7150930312554378,0.12067776878801015,0.1642322808997813,-0.10741648150845651,0.01689055332834095,2.707823710958278,-1.8145571423073865,0.6089990017122655,-0.990430860250276,-0.22203026485226973,0.8108972000139183,-0.09433784497832749,0.6054951190147482,-2.3273339064755443,-2.9344794737709945,-0.7066387099849875,0.5006276363585918,0.10831533853365935,-2.4389238827224102,-3.5176497827464166,-9.087689422499416,3.526240038394097,-1.1111625357602617,-13.97110550710041,33.53701235012191,-14.128186895137636,21.148136377578428,3.2317477403292116,-17.04284168728896,-8.127448986496624,31.09081350843143,21.504194891227108,18.48593609752689,-67.66974376873067,54.086027451677026,0.0
-0.8469466846541718,-2.903571426825709,0.7654199829404948,0.959073126201312,0.01897815886513397,0.030068893053199715,0.28091712257369683,-0.43788952797775593,-0.15300599275336474,0.07833282726720901,0.9406664646637531,-0.4952935433197809,-0.004545774318049025,-0.5072012130797434,0.05871522785342069,-0.15390448032047954,0.46293229979629824,-0.23010916757321626,-0.053440642964618916,-0.3047191811823242,-1.7584317968997112,0.06983309306133512,-0.021263367345438537,-0.1225563867815647,0.10737383276039206,2.7799309664605416,-1.3527522005802264,0.09630089232515443,-1.51538233302758,-0.12358759362379282,0.9789064826415783,0.014935421715751405,0.9238560699749093,-2.288352737040881,-2.881226681522235,-1.5728883541392498,2.4034696937267612,-0.13118953496841967,-2.908148522384113,-4.418752603461048,-7.783139408656318,4.178880952388179,4.800960014446594,-24.10870815740872,30.520044666046186,-12.141470436892105,34.4315197539089,-0.46325259130334817,-19.660983925136556,-7.611182288395287,30.621185871954143,26.202167318109193,15.042722202849689,-68.75530157709996,30.907872755119005,0.0
-0.8528635117354478,-2.9393205821479444,0.7660995640557331,0.9585742544541201,0.018161009000716148,0.028583026524264702,0.28282253630946214,-0.37873380946425556,-0.17440563886522897,0.07122262821709961,0.8872496491994692,-0.4885086384383236,0.029072211960760968,-0.5048352483544556,0.0800609380228198,-0.2000354758806292,0.40248856663901017,-0.2632034002196777,0.018209511939843694,-0.29529322376567657,-1.8174690064969048,-0.014705471315507456,-0.20231037090585494,-0.06644600306688492,0.2882895803477218,2.7862396684299826,-0.766868864836284,-0.5838051743163187,-2.7735332530245667,0.329005603469234,1.567778014061959,0.06463353349884637,1.2759841012788715,-2.1694215929874208,-2.954833826462438,-2.174959761904847,3.8681308214741605,-0.460686380237686,-3.6294992095015495,-6.748741436389178,-6.848425818530632,8.0065067555796,12.037655850154355,-40.012725287764106,36.522461570825904,-13.456732402976346,41.9832921151328,-11.935015065040501,-30.008282583451564,-14.788942423996312,27.889966508447,29.49092239696842,15.468865680213483,-66.38419334481112,6.268775563060122,0.0
-0.8584565044364199,-2.9771638008438526,0.7641514971851099,0.9578220088665809,0.013801342878475144,0.02772459674293616,0.2856884124373612,-0.30752707104399646,-0.15767880936144388,0.05001039164027127,0.7323503564882825,-0.46349192348831286,0.12194396098264695,-0.5449059796011395,0.12363101082696598,-0.1776494234354479,0.46387503309009825,-0.2873016038672516,0.04284479950190426,-0.2526729566625231,-1.9616811682116608,-0.18130372867223474,-0.7925545375772045,0.11060030913878742,0.7171947565987348,3.4434805996128968,2.079359684940154,-1.8307804038283784,-9.108700469536352,1.071218552513564,4.498781104174203,-2.48508545880568,2.4180860809436964,2.3687063570061615,5.364403787758901,-0.45977927221413956,0.467645447088762,3.4309679837206017,-8.672066701936021,-9.90738915799742,-47.694009980036704,7.722689891092556,73.50412105050252,-71.13386999674829,137.5213619706493,-101.53152622565585,32.95426354674114,-45.25747535637795,-85.37948837287851,18.299284253126068,-16.098954692519797,-31.107007599407886,54.62289803216757,61.45407446928723,-25.5240781112509,0.0
-0.8622939791742249,-3.0179790883202817,0.7590013706551312,0.9548803171049438,0.002661122451924028,0.024496005181510155,0.29596696464809263,-0.24310198537954705,-0.04764777181716346,0.09690130837730787,0.5326304511349825,-0.3613205592611633,0.1813670914042314,-0.5957849386987172,0.1882520579682149,-0.08966959632258488,0.6044872162833126,-0.3001578413502158,-0.0024186073374354968,-0.21109619349899697,-2.0707348780708057,-0.22900709528650645,-1.1275104508006155,0.13370382164157713,1.878632955627559,0.10852932250694636,5.3639294064494365,1.3385016516115331,-4.716050623233732,5.2736693471201255,-2.458735457139828,-2.019127979440204,2.119914733480352,3.624991396986204,6.506544761105258,-0.34831962896163005,-2.3918024290852666,-11.987294718304398,4.421456134115466,20.499208539024643,81.62671490789873,29.36009024630952,122.84691817153941,-643.8860998486786,-406.69873453230946,-540.6984979041655,1164.530021951896,-610.8370588485642,-192.46707370749436,90.48984262668138,-307.38058180790506,-172.87221525900276,-169.6804562416,34.130367010316306,43.985885496115145,0.0
-0.8681368819446227,-3.0572064268961947,0.758280282318622,0.9500017094007591,0.0028557242506972577,0.025826051255373152,0.3111617136654096,-0.2854154688272857,0.006279044998992433,0.09308770227798885,0.5211444841267073,-0.30001628797203067,0.11307098308908763,-0.6284011289062602,0.192640272135488,-0.009779712665001605,0.7572465222152218,-0.32453800844425634,-0.038436469855888285,-0.31143825912064454,-1.8797268833357645,0.0964119154163242,0.699404239582569,-0.030276606007169152,1.2068883188010027,-2.208164747039371,1.4707512663845825,-0.3173877569888245,-0.08832635764463723,2.6073896170689976,-3.393166926318623,-0.620081039811335,-1.0213204773042859,3.852658566238919,6.9179808815979,-1.0640989171927813,-1.5093812726020948,0.3374889403572143,7.913097901968899,12.217790007415166,56.21020666699988,-24.74252902010848,-50.27810741220638,77.43304743386123,-68.37533486098144,58.39527296116263,-89.24212814744357,3.424146221546728,29.706810693065904,139.22150751511194,-116.31847696902409,-37.1620617745193,-161.5999562338549,34.705710522273165,25.54158252555562,0.0
-0.8740392426389043,-3.094617954120891,0.7611395740930422,0.9469836160315497,0.011195100412143678,0.027614525203039513,0.31989707515446764,-0.3244879362312714,0.041309878027551004,0.10491895664477666,0.5161366772646898,-0.2630374294380719,0.056089843064465794,-0.6239853064263915,0.16068362137138328,0.055958132792598855,0.8741896457184961,-0.3582440907223298,-0.04128371033244411,-0.2738114563775141,-1.871144750135872,0.17022712348251823,0.8423432987424054,-0.12642060958359788,0.7509234166596539,-1.5370093227009198,2.1598540093719656,1.4386756549356599,-0.7497945531985324,1.5135100938527648,-2.2732030684503033,0.9589530673564493,-1.9994450232937222,2.7218316382997525,4.551348863494999,-1.5652013011930772,0.08080821572636368,2.754461409757937,-0.8219434708000114,1.8688139149460539,-4.589360677082843,-4.315304568185951,-18.154481857836505,53.191852857240114,54.58171783916908,93.8435477800208,-71.11066620295541,-15.163295897638235,61.30689408802871,78.00162499849033,-37.8271730636778,-65.83267957856489,-156.8847400587941,30.135704895485787,-0.08143721189863085,0.0
-0.8789024483352941,-3.132544957147405,0.7639341114315125,0.9445942512247382,0.01850874559549481,0.02874972443281124,0.32645456075033713,-0.34659870599576675,0.09772667084549647,0.15351294829875958,0.48472174721140077,-0.21177091231175463,0.03547235463345892,-0.5985676411704364,0.1188954638192168,0.10213012794272108,0.9567343995453643,-0.3993607660704125,-0.03198551627180255,-0.21134744245660564,-1.9276789160163421,0.09743332318510851,0.5069671686162434,-0.09305494569435423,0.7748432199197823,-0.8404406337461042,3.525059124106244,3.256196350081038,-2.1014110503375902,3.5642600330621668,-0.24594035637720763,1.568523238322896,-2.0758432698458273,1.844119068959796,3.4446703789954447,-1.8570842922065587,0.4502900432395532,3.146576556070619,-3.874961495772809,-5.60448184873175,-26.065885581597975,4.659199773119305,15.40256398235261,5.250303106549757,48.60199593901096,27.788999337710365,-13.111314662448299,-12.383857882521927,9.162363190348003,31.052507500505165,0.13114614523076773,-59.32313327288696,-90.35042121377093,38.84433844366555,-9.420076409364974,0.0
-0.8832315396865781,-3.1710442055995958,0.7650577469449718,0.9416343740835151,0.024585850981994853,0.030504633259042728,0.33434968046279057,-0.3598292365269535,0.14915834113241783,0.1953687780586431,0.43112620170883764,-0.17241484780647204,-0.0012228799334177845,-0.5602960040052897,0.07134704151577866,0.14068673983119448,0.9935112929075005,-0.4647714635734002,-0.012149051402487563,-0.2265821659168949,-1.9323852537124138,0.013989696949757933,0.6798528466092456,0.10234434307975808,0.9437408337036222,-0.7622314521250532,1.8504684299949075,1.2467102041848934,-2.8754772415577508,0.999894932958721,-1.8538114096850868,1.9868446385896925,-2.598318896394348,1.8634113660125287,0.8082468552950126,-3.199920895341755,0.9286081845639227,-1.4206713799681387,-1.5776679411763808,-5.467817468420456,5.034653936874633,15.166425427654293,9.655721647127638,-26.45851808565783,-73.07094884185685,-89.48855362072311,-4.2606345884785215,-93.42767623365779,42.151041082074656,-7.428626418051479,-18.631241153454674,-13.905162538306238,-87.48186678232163,49.89280841917268,-19.699454238966737,0.0
-0.8879829986702343,-3.209728803473511,0.7644311899442806,0.9377792684163408,0.030380743546115068,0.033488653631555336,0.3442754191458405,-0.39623023895659926,0.15818290220311615,0.15690710533613605,0.42404146737178366,-0.22091486414813188,-0.04545827048795416,-0.4913366386809063,0.015718062450489803,0.1685689727467299,0.8737396030821397,-0.5105582620103055,-0.0031525476441911504,-0.24818165374295803,-1.9294817579139878,-0.10461869600884968,0.6757635252617991,0.12480590560232466,0.9183478348210992,-2.0438792312036425,-0.3351058211097612,-3.270717060066132,0.8524807659077,-3.1373548238027213,-1.296505647136154,3.8265365653074634,-2.6868717212874116,1.2326122769998953,-8.679045232477867,-2.064528246340159,0.3015982805491733,-1.4575582817501211,0.5986951711088215,-10.44051439396002,12.19781940770891,0.7317186000237763,-34.37613357534092,15.75685156564243,-50.29538388304641,-20.85042498319306,72.38808270965406,26.926516029919124,66.79254873057167,-19.87883619521887,24.679497564854252,-5.75775158782424,-91.1784876168154,13.804087105768941,-9.166079727862094,0.0
-0.8936829726373818,-3.2487192919369883,0.7609229454651465,0.9362889318362785,0.03490964856298433,0.03742266506800366,0.34748222500913317,-0.4560991195579924,0.13737408446724741,0.05621582931355195,0.5384573125990555,-0.28317634228962785,-0.06453283194643467,-0.4410765912280135,-0.0323922823479801,0.1505051566748826,0.6738478045296954,-0.44751067054502885,-0.002958116780709692,-0.32171061038866233,-1.987187382532642,-0.16556310570857516,0.3685498818575321,0.3702414428516046,-0.6201193454544107,-2.7029322220787306,-0.8186224694447634,-4.370243813466861,6.7121432559887335,-2.2383925928090584,-0.7568590206909871,-1.0372177524028854,-0.8475554448276015,-2.0536661010446324,-5.3408250078327955,8.289889834681784,0.13709462706786152,-1.8480881189221232,-3.114616630521147,5.337723049848554,-24.03783479921495,4.582636267599099,-113.28223600104765,108.09302306761171,47.94603665296391,137.51561138571913,-61.20103410588226,94.642386888123,19.185562209527863,-363.1115940847962,235.10411595941827,-3.2062801084710575,606.5562518829145,247.9761840554062,-164.6829343101751,0.0
-0.9000366277768724,-3.2885366781589944,0.7583720914748142,0.9388750816150357,0.03502893744980193,0.04046817221651393,0.34007187725678384,-0.4982572875224067,0.12226466692263212,-0.0011895836574354747,0.6792904572188574,-0.33228445775520477,-0.060615788312284674,-0.492681563947195,-0.03471940944823772,0.08895576927093422,0.6319302623684757,-0.2791768749913952,-0.03232574472098049,-0.2920937765402121,-1.9742377011244143,-0.09514660576451336,0.0130276711804659,0.013325319376432332,-0.8643769582075441,-1.1026572463798245,-0.8634492301592169,-1.8098656925362286,6.123674759554859,-2.0513456358109208,0.33318628322331706,-2.7212104393886563,0.4885026882358489,-3.0792256435453886,-0.9062760992751016,6.948913031281375,-1.7232466223925689,3.878580858033785,2.7912961346109313,3.504106147278317,-9.408978724557477,-31.730374514801387,-4.130426039425735,134.79840236951546,-23.30857249906092,99.73523932660709,-157.33425992209598,53.163794624020326,-3.2433069597274073,45.59069459005336,62.110962372759545,36.78163037389181,40.868836889072476,-208.63608348414044,16.81252089476578,0.0
-0.905718301324614,-3.327115944500228,0.7570503566078133,0.9414097748939803,0.035748340993197916,0.03829221375019427,0.3331717248153105,-0.509594783079485,0.09261039410019264,-0.013660425578065974,0.8232472458271171,-0.39620973454080494,-0.05826407552140871,-0.5373159629924598,-0.030407713451389016,0.018942307554870107,0.6180419327409787,-0.19085874637081632,-0.048017127813952544,-0.2699152690149133,-1.889500496017753,-0.03487355566487185,0.04189636261670458,-0.5113868576315609,-0.678364317806251,0.3022123585301455,-2.054052336851222,0.19322831182554503,6.661455395816724,-2.8534031580923096,0.038492780309375446,-1.5992964810126475,0.12578837360751022,-3.578621635566912,-0.9319334942246013,2.862270998542917,-0.5295226356615859,1.8749740448580852,4.255090134963585,3.626599199140775,4.422146183172676,-27.311707504743836,-0.8092463646246948,116.07153984596437,-66.35251283954813,77.47480441876732,-133.91031103286426,70.1116637380623,-4.08875512697252,79.01568728561557,2.9996215431640794,11.382599197782667,-45.2399564978222,-143.9569877492881,-0.38226558631380136,0.0
-0.9110305777711076,-3.364342728750802,0.7570185032222199,0.9441775904008499,0.037431515646135824,0.03238290760052825,0.32569756940544364,-0.49251887809454986,0.040322097684477046,0.007121665169052963,0.9597923647410574,-0.45272275558004604,-0.04513585523223962,-0.5541921102433829,-0.024084007251947356,-0.05045843167457505,0.5825308140066806,-0.15214429981643815,-0.04925766756096019,-0.2614366571863843,-1.8407006386495135,0.025066648919325644,-0.0496289219898123,-0.7457596653917267,-0.9060689998761529,1.5130401899471322,-3.10951593998195,1.6063763454495714,6.0169578584248145,-2.324803200178965,0.6413288886606601,-0.293989559331697,0.5801791927004707,-3.256154249027929,-2.3442113710811103,0.9502255797125432,-0.10087684736612315,0.3480824474391264,1.9782376312653172,2.5139952086047437,-2.31829440067063,-8.181164823949322,-19.781634846571446,79.24883163480392,-57.302706316266,52.348539798015175,-140.0268422850855,62.200653227466816,-15.280932012827352,53.48168065704357,36.06008225670783,30.13654436665173,-54.887938458336876,-119.83334319681641,-30.06015002235982,0.0
-0.9163387541299983,-3.4009324489516315,0.7577369950310191,0.9478409100603796,0.03809557955445188,0.025058483590401255,0.31546538389254514,-0.4544469117967123,-0.03178140979251897,0.04883445352129321,1.07139267587809,-0.5015766984481913,-0.023436507513318373,-0.5476804733706745,-0.012866208074882559,-0.12517330963733764,0.5151679720181931,-0.13449454551196324,-0.04672679233056375,-0.2692024140229248,-1.8277186040455682,0.036748863841399484,-0.2420323185738775,-0.7434612827121533,-1.2437651166211245,2.2575272247963865,-3.9679074081994217,2.425361955295651,4.694132155288622,-2.0804193999859377,0.9796788306077038,0.6204823979004273,0.8119499125924099,-3.747349256170503,-3.7862874742925734,0.19687573879407902,0.48659668463037514,-0.4607883750255511,-0.4744501330207266,-0.8353764821225593,-9.901874011235577,5.272277174423186,-24.713254926863247,35.98716484325884,-36.64078502681066,31.484584144295322,-124.6753237172897,49.809996924033335,-23.10801879874634,18.16472751348197,47.465266563290136,25.937005196866888,-22.521352830820486,-101.67053611633447,57.33330991519786,0.0
-0.9218136149242584,-3.4376927114421694,0.7580145554470185,0.9522345717799302,0.03651359670098787,0.01775745770208071,0.30265615846866345,-0.4060230866575543,-0.11683091488645816,0.10195936161086093,1.145943963396213,-0.5429069653707388,-0.0010220594274135666,-0.5293825282401325,0.004631758620258365,-0.2075401964329035,0.43070092261649806,-0.12920816173390134,-0.0012631219088896873,-0.2780264574479701,-1.8540225172133817,-0.01874586142826158,-0.4662312493529121,-0.6356155118783883,-1.4353568274988788,2.4737209769982673,-4.4297972696655386,2.7832135405537843,2.850812703658,-1.7807633377967076,0.9632228581880109,0.9833422893945608,1.1740090882326175,-4.112891933454499,-4.24459957714279,-0.5613118372886176,2.9546917183901455,-0.5256774411531332,-2.390752969950768,-4.876315290655806,-11.274648108210558,10.07282273897404,-13.635499119538284,-2.9853548249717474,-15.382405615866128,8.21802887364797,-97.05243776490059,37.88264586003755,-23.267862550906873,-4.413968397447363,51.82947395963344,28.10106066510823,15.081411958770955,-123.49424624838613,49.712148806701386,0.0
-0.9274905289110914,-3.4754618253200706,0.7564143503615262,0.9563836728117138,0.03265146216415508,0.011654730105358897,0.2900488228969218,-0.3592383661337192,-0.20426010267306316,0.1525684534513979,1.1725220120779514,-0.5679138811847873,0.02012427778372154,-0.5120375229494695,0.029845522147249316,-0.2915271233596274,0.35283963419606645,-0.15580224376962906,0.09920066080045357,-0.2886857669064916,-1.9219410313444547,-0.1475081657186173,-0.6034438194061703,-0.40302985051269236,-1.203824170391641,2.0816457769887813,-4.261183381298515,2.280575734692492,0.5075096800009438,-1.017107830284314,0.9115357135987074,0.7005860812404161,1.549989356960426,-3.9524473429243963,-3.55265883338277,-2.375998981757519,5.57130913043499,-0.6117847374916409,-4.073452708385207,-8.822440960549974,-5.314414327456609,14.276236743511825,12.781485719609472,-39.490937048543735,16.889055752175782,-29.483920573525367,-59.3913162051553,18.314744820997976,-20.7178073073497,-25.80515288157907,47.442168941203846,57.85869660031716,39.0049038351699,-111.96587113248363,11.666343208657121,0.0
-0.9332274910741842,-3.514501388145748,0.7523242209645511,0.9597169810265291,0.02714427415889167,0.007654725966543723,0.27954947662281326,-0.30219443268285684,-0.294704683442561,0.15013472963700208,1.0429759012019937,-0.5976501666063471,0.10582495618495444,-0.5276953436475091,0.06584589740960342,-0.3112768091199497,0.3765131190435063,-0.1916534767278088,0.22994078677052748,-0.2759305051922442,-2.007147677275813,-0.271768196017785,-0.8744044522106393,-0.11220913202937607,-0.7930242397173659,2.8044550981882237,-4.087684020114929,-1.940092359535023,-9.298964734357314,-1.6541854547510468,4.289249582367227,-1.2860225958989149,1.9806431962137008,0.27522971068790986,3.1366520048995756,-1.0908064228635244,5.742775474016009,1.5025428613738245,-8.577484078934665,-8.693709679125263,-39.54932110481534,20.6992409157675,45.77991368587049,-53.489818466279985,103.4746508408879,-167.37916179750218,-99.62334152505531,-3.344595936098502,-73.56965049611942,-13.238976561529716,18.167859013914033,38.12255988525115,71.73355982171701,72.29819040366999,-121.00832394343294,0.0
-0.9372876290121313,-3.5570632623532616,0.7455963928375092,0.9621485007856053,0.012541537256024046,0.002993279084942281,0.2722205219295339,-0.21733665733258864,-0.2969803647899448,0.1289661412501432,0.7405490888158671,-0.586824191303796,0.25621823109224806,-0.5885814834821294,0.13607004632094813,-0.22592212446925883,0.5700881962111812,-0.234463124474909,0.21394674168061095,-0.13458908023581928,-2.2606248700068368,-0.4036358354733909,-2.3169442312100164,0.01743434460268741,-0.1514106075166049,4.296840565901529,2.899017354816052,-1.0319247717579276,-16.040028316308984,0.7459305144010523,6.88949462950187,-2.9529118532685072,4.100698456997267,3.8140717352974898,10.650155149984581,-1.419862956021221,-1.7877462879869785,7.0993435369191396,-16.62008933128471,-8.388395244869466,-99.1572521649416,15.273123272219369,108.61711666806598,-91.7086982880117,298.127978392277,-55.74896392058751,176.37609426128927,-32.79335341428004,-150.450555492777,83.4786127485022,16.757325246590735,-220.31093260351292,-131.4956404964084,92.30113405345848,14.056727063875954,0.0
-0.9397146349904529,-3.603445941592313,0.7377943898274713,0.9601487703808577,-0.011579815572685295,-0.0029722943544458064,0.27923361558684234,-0.17942769416902488,-0.1901271669509613,0.15346513653110844,0.5208233815941097,-0.44181430569264957,0.3070292495876567,-0.624122754121114,0.202319351504846,-0.17153447203596306,0.7344021660623318,-0.29350044120904134,0.11233460656450761,-0.19029873652000587,-2.278855970158456,-0.2288535207503899,-1.9186989185905354,0.2190612620435018,1.6214551327453142,-2.991033246373336,5.342785900571064,0.5687306239333629,-0.41797403754578344,10.839815746520387,0.1329309435654611,-0.5652995024127492,1.127530068626081,1.6339007773657048,5.794247789427926,-2.9134664640348182,-4.904911506335005,-11.844403814003705,15.066657179541483,31.067502884907277,126.15082981371577,6.110806680860174,76.48388910946895,-553.0506264401045,-190.4016364368485,-206.4620203698863,1435.4762102279979,-1649.5659293542033,-158.12174461141532,170.4472529534842,-335.5017640634604,-72.7907252784438,-270.6273195044646,39.57538180026417,93.39883279028354,0.0
-0.9456723308250212,-3.645867805741524,0.7365858756986924,0.9565357955038404,-0.018438784939945725,-0.001371109083656714,0.2910281828099369,-0.2864448393726236,-0.11686756902395486,0.15628025455745675,0.6295214617625641,-0.3843987409988837,0.27198217443972666,-0.6294494071895981,0.18447444571091423,-0.12210971576679433,0.8752899748972232,-0.3504600201482033,0.046413979914349604,-0.33606986986003606,-1.9925438883253677,0.058308295193552385,0.22970310888859086,0.22062370451907623,0.7475290059593162,-5.155414413221903,2.5053089509591504,0.08693736530121052,5.691208658302895,0.5729664253957208,-2.454189653049017,0.64620372389587,-2.1027087305032595,3.017244882301069,6.577218013351471,-2.2696061930934355,-2.6016914050009827,-1.7115862867311618,13.511632515689007,11.483091781432021,77.99676615238107,-19.973433703517387,-60.88532272999644,127.20060616362912,-107.62673172029538,16.200089123809594,-196.589997826475,-37.212531398563584,-23.02129961631037,129.02603964537346,-110.34271920288238,46.62033058237877,-133.31964440306993,69.12034146145218,54.707612060969765,0.0
-0.9527145590212506,-3.685184987992448,0.7379028369950911,0.9552408725216822,-0.015563797574803482,0.0033893775844097878,0.295399992871793,-0.38370771357631545,-0.07327330694156291,0.1540545368848358,0.72602438498518,-0.37932254816302446,0.22133090105201586,-0.610882474840113,0.12763508476165408,-0.08196889552104017,0.974033172159385,-0.42730641161266064,0.012595702441509237,-0.3623267039201927,-1.9469371838613698,0.07112687650339578,0.5481857109190353,0.46325816757194493,0.14768968940952476,-4.356849367526092,2.0236670240578327,-0.07065057377568462,3.5203430350262783,0.5853511048583336,-2.480269178504105,1.0269344536331566,-3.180456272474781,1.6455595638748213,3.1556863094234098,-3.5648306858386247,-1.2557887270594739,-0.07976173004415643,1.7822484059455788,-0.40280251510786047,12.988044805038374,6.996726869295157,-33.384755284802594,70.68668101123376,-16.144795378439216,-2.6877558996556234,-190.89105649955857,111.77693537267453,-26.413653406604606,-16.352084154575092,-2.1181579309595677,16.245824870781473,54.3064416020576,313.98203987787133,122.41200154832373,0.0
-0.9594249230272466,-3.7242056927445586,0.7388903434656076,0.9549393716853213,-0.012198875540819233,0.008869445032461619,0.29641747044599,-0.4586964877933902,-0.035239926915453544,0.14405875555567693,0.7697408669859764,-0.3527259923266525,0.17349984364667048,-0.590551728207963,0.06859671254638385,-0.04589360479400223,1.0534563787559523,-0.494873734556883,0.002235245166790417,-0.30932915965830493,-1.9614103376969554,0.03986560985478117,0.376634869804616,0.38745773556701313,0.08925287222194798,-3.302933816580298,1.9206592829986424,-0.7718561146612936,1.2795276268067162,1.7978245535545352,-2.2737804249963784,1.2090655646925446,-2.6750498389627433,1.841677338302308,3.875913171048278,-2.7939434473890103,-0.3209776241817817,3.1116057241994266,-1.6864777799054873,-0.585379117069143,-15.13901305017692,-3.589672546782315,-3.117639693486304,43.87552515004158,9.44357150754895,-26.065877303747975,-85.69957310406129,41.777401567888,13.83963124482783,32.3266649490704,36.390474625497,-4.108193162814727,-55.86398778346789,71.27107475412234,7.758969104211846,0.0
-0.9651656194635713,-3.763970620518602,0.7393622572212416,0.9544664418039225,-0.011114213732438136,0.013801156671053536,0.2977915609915924,-0.5197896944803169,0.002252608358853011,0.12082620835667429,0.7800067814143045,-0.30836173156304925,0.13280009554476066,-0.5658177079495122,0.024272269522563752,-0.0034781621640247824,1.1292490939905453,-0.5613121467469163,0.010416689998305268,-0.2673513554754813,-2.0144510940880678,0.014224197729055385,0.11138272393081065,0.4793682799835133,0.1917986201987824,-2.889586553647672,1.9041291765203896,-1.4455653260385661,-0.024652217261017628,2.514389512595538,-1.84459992313203,1.3501604701134737,-1.8553346659610974,2.1278806810390605,3.298309061696318,-2.96389654877142,0.4548512071223845,2.2247161809248306,-3.1841629836771053,-0.8861236962990958,-16.814689502402715,4.763265464825925,3.1128844314038897,14.93722068948633,7.071765195616844,-28.56850961343405,-52.66276905685736,29.567258632192885,26.705186974342382,16.466886883294336,38.32844312084039,-15.017907801372344,-76.27952975479953,61.89194741486579,-9.641005806617684,0.0
-0.9703907796200215,-3.8043055763319122,0.7393892721885978,0.9535439956562168,-0.01111966906545425,0.01903501258274336,0.3004461176381303,-0.5746013377339976,0.025378203074940188,0.07402494018962788,0.7709355750377314,-0.27663093630148694,0.080661574428966,-0.5314489344654452,-0.009885685210132354,0.04763146882862684,1.1666377370875276,-0.6228016758306013,0.05324705543820373,-0.25793477869237236,-2.024377281368003,-0.011648194008700622,0.17691842067767063,0.5290774868491451,0.3254030462189258,-2.651780345969025,0.7864464626221991,-2.705367039431951,-0.7419339160881709,1.1480628948492395,-2.327665458402652,1.893378367787517,-1.6540561646746628,2.6368487679416215,0.9144568089799411,-2.7193626485848608,2.0969109735548046,0.26328611356470194,-1.3104182297748557,-1.7351481079516922,2.455089154239195,4.55453780666015,0.5861061801850365,8.259903455854241,-23.203996127190244,-17.995218042085302,-26.985619863535614,-38.284031856771314,56.3019525246903,8.467636831941114,2.329468180658872,-8.617701669603914,-85.22867476587933,52.36498247816444,-42.17026943983145,0.0
-0.9753383374486998,-3.8446937701210118,0.7394554762475037,0.9519286352625765,-0.010928158013244333,0.024734550579175965,0.30512399239851945,-0.6262928991669379,0.02601742868065469,0.0020754272176136445,0.7582566066439487,-0.30255200065077387,0.02833517953008348,-0.4681108985652386,-0.04174484724767714,0.10354930008964042,1.0821576923814014,-0.6398297218727157,0.10037212495067914,-0.24952737650669332,-2.0217513736966843,-0.013795754519030031,0.25111254675754147,0.587132561437245,0.5426857644951634,-2.5224941490916066,-0.3393167980490463,-3.8256062562288196,-0.7658073861559823,-2.0200576151059986,-2.0163281642876822,3.561011159371604,-1.6264799502887017,2.809447183930591,-6.417397458171345,-0.40869175422521886,2.029960860792739,-1.0272717499639432,-0.9259567687364295,-4.117934687091558,12.32464119224611,9.374585661546565,-4.113178425407915,5.56275172904014,-20.360513805699732,7.566514163892526,-21.8671982772623,-28.151557851456218,81.5654081583769,-5.810948986254054,-8.004866980380267,-7.326450553510072,-94.13956055150241,8.428328308169668,-47.724522977843996,0.0
-0.9798570790034528,-3.883963959955574,0.7378676217576698,0.948449321089642,-0.008341644252566787,0.028862151107806093,0.31550162999450676,-0.6893908913211982,-0.0028868907059646162,-0.06054531871610764,0.8271267550610876,-0.3903597064345046,0.004470993142499425,-0.3463631884298614,-0.08869212163191234,0.13028179885387256,0.7869096502192279,-0.522950066415512,0.11286104321074357,-0.22643170654522707,-1.9233736934081898,-0.1820153174478657,0.6011453107140217,0.1661890639374772,1.3830820746324488,-3.214115690470522,-2.1984540915018562,-1.620572096332277,5.086470034482844,-4.22288706658728,-0.8364901883353166,6.896953219793369,-2.7849327161718977,0.5452561936947952,-17.218856605500616,6.33958327717191,0.21827542905488612,-1.9684616249384594,3.2058924005543474,-14.442046692566649,39.69316582562237,-7.054581389566487,16.12396694569998,12.564489719417619,-80.96507615183603,182.97166725734178,60.66986856510533,96.8102764296066,20.42922504440037,-16.795057826608215,-31.392693989122428,-56.28782766198767,58.467398906333756,-114.22602255751502,-16.49109800481861,0.0
-0.9844061910464039,-3.92411712425934,0.7377205772472132,0.9470273142575816,-0.011275259230742758,0.031156406976502595,0.3194392162582201,-0.7262880104804454,-0.006976441665689477,-0.06306216788526366,0.885953399010957,-0.449093941048029,0.021799318736218227,-0.3295502160629097,-0.07786213284471506,0.11351065285711327,0.6597522768684623,-0.44118362892311924,0.09908466125928947,-0.20001112899164067,-2.042271501988933,0.17176854814220588,-0.9057311099817481,0.25225711517246696,-0.03439229103919881,-0.5146336236302572,0.8330523851340756,0.22862697977231852,1.4551016356484094,-2.3249801992243206,1.0244130554476394,-2.1354606994071004,2.8904449578021127,-1.1344070789551648,-0.5088681329530821,2.6662273977885387,-1.3541724045823036,5.495662404346527,0.19566614617731967,16.948745738162426,-62.34367631183132,-25.754920199245365,-12.39806753282529,158.15572263030984,47.23356178667678,-8.326160362765185,-120.0135627013553,46.92624424316521,-15.870124416669432,-89.23966819599845,150.1549974163281,-38.2110961791558,232.59991226317376,-19.917447637429834,-72.79913407134126,0.0
-0.9884443322519691,-3.9636878890767018,0.7421082532312068,0.9474175066839353,-0.018727157208776088,0.02903903376710541,0.31812905577696954,-0.7224996932616444,0.010100920059670768,-0.0256111645946588,0.927295496423423,-0.4959395193823171,0.0009916145834258459,-0.3821100966414188,-0.015833857501195266,0.09437890444677173,0.6776220937845803,-0.3942560717516333,0.0673346455551096,-0.19717144671832643,-1.9138460839399258,0.24988056665481195,-0.5953949425496603,-0.1899169622695306,-0.11271130199016267,0.9439464093827995,0.3841426417598388,2.583653560042376,2.1462159921531336,-1.9740784136619776,-1.2732458806000757,-2.3334140418113383,2.8923398317448794,-0.9930526179028323,0.8419695626706565,2.426912324190537,-1.678548487968658,0.7339195745095393,7.678883753171321,2.636540707523638,22.62624400069159,-26.946754186300453,13.671034291743096,92.05036371429645,-81.39607687342887,36.69221807471045,-18.22030319511848,49.967289345324275,15.219576198134686,66.94813464754769,-43.37767251749258,-12.300135781197946,-66.0827821855794,23.188523401917482,-2.136894546840429,0.0
-0.9928723493226594,-4.000372486324021,0.7471444774980441,0.9478218024744739,-0.020616153367016048,0.025876091330908964,0.31707922175983255,-0.6986116992951622,-0.00048592120798590785,0.023617138443241793,0.9987761977721639,-0.5348271328543972,-0.022065109743016273,-0.42303831776924083,0.021656557917552402,0.06219544260803136,0.6845417734964216,-0.3567088610639615,0.03411995590060206,-0.23949348282769845,-1.7729155314503746,0.2577595508156731,-0.00871273752783016,-0.26879745287206896,-0.1396514280976936,1.6021421903117359,-1.2803673331212686,2.3073432934934073,3.836569313745236,-1.563699174771935,-0.9854171263243442,-1.7406513672576054,1.1587855651009373,-1.897604220962909,-0.20249361162633908,1.6732331248706505,-1.522794719962091,-1.9379865716602445,6.352439969179386,0.7521864292042607,29.352598622058345,-1.8741136394948985,-3.498321049565897,55.53325132376541,-80.5123898556684,-18.134614001269387,-28.07854500230738,48.033414218057665,19.004652814489944,34.639612827548206,-68.83680888633695,-16.136485118419415,-63.98698843600379,-8.24117277431208,22.26771575845785,0.0
-0.998158614032327,-4.035074834787397,0.7526494986181517,0.9482036595366289,-0.018942093681566307,0.025417571178623054,0.3160774655107244,-0.6600846924648431,-0.041639460237505095,0.05715949015421864,1.0588916818432224,-0.5525595497012863,-0.02814823713235549,-0.4533045488596433,0.03170234104108484,0.015368576437245967,0.6630924558483979,-0.3225420967159113,0.006350399729287677,-0.28393325365772853,-1.713579810212435,0.2835622399070766,0.2523903795842714,0.06830456776558408,-0.13807211843242018,2.137972177579359,-2.4903841049746034,1.3301865648677516,2.282332622358535,-0.6051527054400258,-0.10969402789604277,-1.432898042655115,0.20962320882426755,-2.4458729021420447,-1.5563629961096948,1.3705674414356253,-1.2545301099741197,-2.1098662413885885,1.566823868056209,0.38742336644051734,9.434680641458103,20.120251077332473,-8.644304851722366,17.19588016082537,-31.177242254592848,-26.022987295210275,-78.76965854607434,19.045192027114496,6.418571101126243,1.0751885476802703,-11.967616413805086,8.520578034719215,-38.524657188318585,-60.20566736271371,11.633618885902406,0.0
-1.004049795527808,-4.069174184287679,0.7583512451998201,0.9485969896011313,-0.017030860500681512,0.028304748055982938,0.3147579106992637,-0.6108339539872741,-0.09410296380661641,0.07645793732781522,1.0759284509543163,-0.5574049028909137,-0.01889428355040146,-0.4793700645331702,0.02742688623145061,-0.04390365819878605,0.6210936974542299,-0.296875740758634,-0.007503307424164678,-0.30312863415144803,-1.708287747825955,0.27393338432302294,0.2685651019767578,0.36055580249129515,-0.17727444861532146,2.5484124953862692,-2.540402165883209,0.7691352783646258,0.12423937220965568,-0.15006545960865625,0.4921370681264106,-1.294085162182824,-0.2774723039155317,-3.12111695664235,-2.3382650642437324,0.7255453047965275,-0.6291440337940335,-1.0254756252503874,-1.0494169108700246,-2.2354869540150526,-2.1759683062470523,18.146506820245463,-9.573723131005172,-3.7914631104697794,21.805448787028716,-13.67303634830898,-49.04323232621356,2.0332784595823146,-8.724425044468212,-4.176947823236054,9.979188302453823,-2.1953764000480867,-18.884370488349607,-83.65734727345595,-33.30895844184388,0.0
-1.0100618949966846,-4.1034108506734475,0.763309805090226,0.9490150814716708,-0.016093018446954568,0.03280212045290762,0.31310606955212045,-0.5534590461961055,-0.14032019719399894,0.08591723107633124,1.048344392338046,-0.5456809233051505,0.004182938274687905,-0.5012409597140289,0.014813952717724968,-0.12061613851020789,0.5682095595539712,-0.28964895193330753,-0.01704396805009115,-0.29956487052307085,-1.7270248659664613,0.21043885546487984,0.17841172799375818,0.4640973909412812,-0.1998541992723346,2.8695210297011555,-1.9524069777627049,0.3179629026479537,-1.8613673943646498,0.617581654363302,1.1011139933271465,-1.0792596067808637,-0.5287966685035645,-3.9249629429846977,-2.6502304754575743,-0.12841493151866534,-0.11758221509240026,0.017579884991288187,-2.5913133992279755,-5.342638540046518,-8.056385782582986,9.803605747237125,-7.178375081391332,-18.867743411295457,50.04563941909063,-10.492189106781282,-2.4532303758702874,-14.586644593993775,-21.372360297786283,-8.637962291037809,40.01795730247385,28.96153289475982,13.487756571398396,-61.15007490585043,57.02878809857253,0.0
-1.0155803241862777,-4.1388282447853335,0.7657768640687089,0.9496045770355502,-0.017071022453809117,0.03695098321227998,0.310796319645457,-0.48266074678526044,-0.15889754708027118,0.084626921605336,0.9320050119442868,-0.5071014071432677,0.08327615570938238,-0.5423149974527289,0.019865194831361285,-0.15230748555439722,0.5995631982934546,-0.2969443937640925,-0.006675068077662235,-0.24427385151751346,-1.816307043741065,0.03883463619907632,-0.19128484189913902,0.3792625974909206,-0.038157128641910426,3.5675178352764556,-0.05140613251927245,-0.5826511151092979,-7.04414551268623,1.8124049642509112,3.8732771542990876,-2.120829414566555,0.7620705839039518,-0.12281968527819276,3.2219934339474383,-0.27094142406897126,0.5890324404782743,3.887732350492398,-5.953209653448076,-9.93246377008631,-35.02301328507876,-3.913436060260398,35.989253982427336,-38.003615627093446,102.36664976102716,-64.71522774258295,4.378835481889709,-49.401662943153354,-72.75709280649534,32.494208242359626,37.0408803297906,82.05387383310814,60.82747932070634,28.99722199315896,-11.207273421162718,0.0
-1.0184409218105053,-4.1766926475827235,0.7651238356481436,0.9494660388577721,-0.025034227944656973,0.03578454367919979,0.3108166580487877,-0.38601698953215124,-0.1078893966743737,0.08393211383516157,0.7044611180375046,-0.4448477052708136,0.15299884398261795,-0.5796548841340255,0.06410407627127225,-0.11614174014154946,0.7049513287415099,-0.3180477008623563,-0.03188717293358638,-0.06644673865073045,-1.9716180806056929,-0.11587589021067973,-1.4150317459922261,0.004532904625248729,0.30050583125668184,4.816334554769561,4.26002985394504,-0.35561156820505774,-11.91295871760668,2.7913681497554097,2.867753180428693,-1.2378737518305978,2.889761624568253,1.8487889886565962,5.4527453863835085,-0.9016391970716934,-1.4153137086803502,7.437094184477926,-9.520928513067592,-10.805031488085085,-74.22066694001073,-8.27244459066908,59.387745356218154,-83.0125554673338,149.53784024677685,-106.44456838081015,148.09744297921347,-77.91848259897549,-68.6651157327854,88.9484091407155,36.13852504869364,-82.35275948335871,-65.2151188505762,34.77415697602767,21.52662767132167,0.0
-1.0200576484690889,-4.21665857242619,0.7622828692226702,0.946564785942456,-0.037422115814603814,0.032586148410557285,0.31867355427370253,-0.33748979033955917,-0.006080558386081768,0.1088835876235641,0.5328866684685534,-0.30076245038556415,0.1560038868705836,-0.5982117884434938,0.1165517286197068,-0.060723170897868835,0.8128003780826423,-0.35458760075365875,-0.07437181893627193,-0.1631574116802251,-1.9796704259360498,-0.04695250747488652,-0.7553655722028881,0.27655178651548107,1.5271848443825318,-1.6389765635737583,3.4310020285991607,-0.4736702479698646,-1.8364420826996606,5.410840820175155,-1.7279307933374963,-0.4689631635238535,1.0110983303315229,2.6087231306546292,4.397446305954979,-1.6867982759212516,-1.9594812385778635,-8.730654911085743,5.807942544619894,15.24219109270682,77.92412299135249,12.873039722207551,64.77914929172222,-336.5229951617248,-250.1034998921483,-242.01333075275858,597.9637099905225,-534.3358671602663,-90.33150734688526,83.33932772534735,-203.83756626344768,-21.233088107952174,-151.37949140326205,33.773327493472806,34.70611277559362,0.0
-1.0244822055220977,-4.254650913774906,0.763406110794738,0.9426999034619497,-0.03687528012077533,0.03526488994449887,0.3297172929435852,-0.38978078494223756,0.03253906509681445,0.09263921717324462,0.5371434571065982,-0.24101295462404637,0.10923712038803596,-0.6008598890068608,0.1158112416594702,0.0038162392638218566,0.9080071848881732,-0.38606220050617224,-0.0689901605474548,-0.24106798976710286,-1.8345632012712383,0.12159478853515353,0.6237261387823496,0.041914925688668565,0.7766524787344604,-2.332933991784584,1.1798437995520479,-0.5746057544315911,0.08185006417956761,2.413648183403611,-2.400849312618546,0.47654893681362753,-0.7644900316891334,3.328167912424225,4.302560094823651,-1.2543635389041172,0.5622469240849907,-0.7147021905710982,6.776972839916467,5.528384126839541,48.436258114613324,-22.570063698427486,-50.6914437943571,84.83066993811182,-51.67452118348151,54.57103228472181,-102.75722121373573,6.075400976420871,17.333185832833614,80.8520810525819,-72.52669826273339,-14.337674816701863,-91.50825772092116,36.73081001830521,-9.912875351445003,0.0
-1.0289966167778013,-4.291263372372181,0.7659618562635484,0.9411999931542122,-0.030588831380935436,0.037244364659704016,0.334394607585639,-0.4297681248981751,0.058596187490343135,0.0864316960103204,0.5308637973030241,-0.19796491730868776,0.06743274130312862,-0.5774757730673975,0.09437876562778148,0.05170305182219204,0.9579489307946772,-0.4053257702449388,-0.03866244949289546,-0.21122650484934968,-1.8328426612260127,0.12173323956798147,0.6211073541871723,-0.08867546675168736,0.29737877244904254,-1.6628839621108598,1.5588495645688936,0.09872014846822481,-0.7149536565613334,1.9682926907749785,-1.7293913254519255,1.5819473063011649,-1.2450287397306312,1.665707564581314,1.3376793860865748,-0.8126285689618044,1.456470499332385,1.6388502792627258,-0.7464457170692517,-1.5856795156089496,-3.2519828209941184,-5.047615745934074,-24.663791147431006,37.18621842431035,36.75110070535319,54.02086337200494,-44.033796075299904,-18.252236100386767,44.65098573038896,32.20906430507167,-12.36846145960017,-75.3495086508519,-101.15261457069464,13.115668274858727,-28.053369461343284,0.0
-1.0328769135361737,-4.3279416816289435,0.7678412281093303,0.9407417934463683,-0.02423938185907321,0.03776782319576779,0.3361412232402506,-0.45398149071530364,0.0887599183965896,0.08773866638608853,0.5020411538666253,-0.15059179310817297,0.045886460912160705,-0.5373448851621929,0.0660622199792428,0.07722707189511295,0.9594553928055687,-0.43345676207683514,-0.013218446247262632,-0.18205397541952786,-1.8432321918411365,0.05863854766080703,0.5768324710866132,-0.202406348482145,0.12377736891042605,-0.9868978214425984,1.6016342509041321,0.18789510380649604,-1.774186239793459,2.4924046331211676,-0.5551090542847545,2.1432562351756212,-1.4732405005485927,0.9749298235416555,-0.5177389901782415,-1.4010054522904214,1.0582481792672276,1.1737454179688407,-1.6604508830293334,-4.925729033701988,-4.849397305502717,-1.850732003881618,-9.45038295576165,14.135363230920476,18.957782449223885,21.63319333916463,-19.12816624405684,3.2487226005236254,52.2611745118223,-0.21120594994096642,0.7112046746486249,-30.925722434032053,-32.613891497183396,18.674387604915538,-23.51359409974062,0.0
-1.0364119031398278,-4.36454610169378,0.7682281184164745,0.9403915792345956,-0.016871299679928207,0.03737600520005365,0.33761230899814293,-0.47047685670871925,0.10608279240452594,0.07199045846443074,0.465027185255104,-0.12551764205230445,0.02621912287783967,-0.4801815649745983,0.03453292678432679,0.10187783576818717,0.8992360065311863,-0.4592479068668821,0.014644919518503035,-0.18105918038831625,-1.8283927636222421,-0.030123981886789636,0.7777754967128202,-0.3059086726952153,0.16408454421895918,-0.8206274561304737,0.4352226789025125,-1.2326347629956174,-1.7902122556788653,0.6060667136621622,-0.7905527579345538,2.9780998939637247,-1.6486989291187322,1.3661371430229954,-3.8185996902995765,-1.2137806276994247,1.2409902951979237,-1.0541111593103303,-0.5056215325839777,-6.695303906357746,12.722544955916252,1.5112358546694868,-6.444659832817306,-7.868683476378368,-33.59069377117389,-25.670497444227266,15.406307062323103,-53.298597720067626,35.504768199880935,-19.917152268892934,-6.014820728315645,8.92630574385958,-3.403504537004295,10.909162779803284,-27.095539131160105,0.0
-1.039872077975808,-4.400811839868809,0.7664832809841984,0.9390077215749715,-0.007811446407133135,0.03609060947371604,0.34190780633882095,-0.49955419129806033,0.09203051585469735,0.008697191274245482,0.4673933167698562,-0.17895780804905545,-0.0006513370640299561,-0.38829448774195763,-0.0026413066013483027,0.12200003132365282,0.7087533014977001,-0.39691642224035356,0.03004684682618774,-0.17764964746563683,-1.8057887717208208,-0.17301357700824896,0.9045552731253963,-0.4873237901714012,0.5235124539251945,-1.640184597315563,-1.2002981799981027,-3.3450597759199985,1.0499701166745108,-3.2915122879737657,-0.7993112613841908,4.924222706289719,-1.8866293369544145,0.9317035599114626,-10.894433797495958,3.411397860757329,0.571254341249136,-1.1837371267762737,0.5371033918842189,-12.323694143389154,17.325110172199807,-3.9517693679681885,-12.792114110307624,9.738773292135777,-15.93470878668181,118.12417025926086,78.66530191312765,-1.5186658077437247,67.5973351856551,-35.39103252076511,8.395872237007053,3.296919818042776,75.15259255854048,-77.64527149990707,-15.812086472371554,0.0
-1.0442387673917448,-4.437878867404441,0.7616414144889879,0.9385566405134607,-0.00021318423455493656,0.036305214416857384,0.34321031235485105,-0.5505788128797555,0.07352213274399079,-0.044419888911507215,0.5498554391346833,-0.22666410559439576,-0.008257711378381409,-0.33468210404388027,-0.03385013865871455,0.09784803906413882,0.53543626876529,-0.291415823036634,0.022406482819389808,-0.25147621345730675,-1.9307770566173208,-0.16930899749997086,0.23565814333196364,0.07515641217259497,-0.5422024921939022,-2.6701267409463365,0.08284590708051809,-1.691689724394909,4.459568328491345,-1.5221878636931463,-0.26485310586887023,-1.3087275280991166,0.7610700499871463,-0.894755004575282,-2.3194383884137904,4.12066360639836,-0.5929598851100331,-1.32176113793842,-7.093333984463726,14.81447204574933,-63.19556659518526,23.01185403446982,-69.28769797471058,43.40348643732666,109.75776267432732,72.65635316379749,-78.55701209802533,69.517177143145,8.574857826884635,-369.98231602080534,284.9876837217397,117.73754797483348,654.6327371902639,-345.75516626865016,-56.214530432628585,0.0
-1.0492775790429683,-4.476901611130217,0.7600031204500654,0.9400837502950499,-0.001492292898377028,0.03681760635217154,0.33894657301055,-0.600051108399331,0.08658124031354382,-0.05160716144493215,0.64350879282622,-0.2602478653849677,-0.022510289266631137,-0.39395663684210375,0.0006158300453002474,0.07538727108900307,0.5554244168478762,-0.2502430476590762,0.0015444722378148614,-0.23472237980174177,-1.9375391077088353,-0.023264010023068438,-0.2216250099827316,-0.06210081337387428,-0.20212301462717552,-1.8586711713322215,0.6102990519861147,0.12831235322608914,4.055598534938198,-1.4137838692435127,-0.6872243565261956,-3.047860385576128,1.9166764820079063,-1.4881304920082847,1.6283981203018876,1.5379192988743264,-1.3065822448610347,2.707801282721551,3.145753626308979,5.4385442720128,-6.374207568227915,-24.734628202099593,37.602917563053055,91.45998072883125,-35.11496507646614,21.99935493181379,-108.29324512582235,35.27050898693933,12.795933409025386,58.44410982958707,-14.835009385311736,-51.611312034398395,-42.181536311229,-1.4392075890813572,-20.503711983963353,0.0
-1.0540792079884067,-4.5145991123115,0.7600233842106189,0.9401554379427278,-0.0010275739035868813,0.034475235829928355,0.3389958033856186,-0.6296767125056327,0.08499050533623587,-0.045230638158451866,0.7440695953351346,-0.2989351275585647,-0.03989620307915606,-0.4442830364513521,0.030122662140883723,0.04168582994765869,0.5763038639174664,-0.21813423299879703,-0.028279409848382214,-0.24112880453267124,-1.836654473768169,0.024010206788826816,0.16436901751532879,-0.40715762208043915,0.16294040302442583,-0.8083606386843085,-0.6828188536752682,0.5081740840340041,4.728229939535241,-1.65434799518842,-0.7844342785668529,-1.927326852597353,1.0216230812285862,-1.814450028605945,0.34531868319985,1.7564740884299908,-1.5233550691659723,-0.07896778866396692,5.469675923171759,2.5265202519118986,25.083011063990902,-19.648495259017974,16.135247087446192,92.86898370957884,-68.43450257087773,22.603044290129045,-91.80214865681104,46.02121868689694,14.715881636268712,69.0524483683516,-54.19594717505039,-10.567322606489217,-81.85591216967863,17.426645105094213,2.1758962659745196,0.0
-1.0591137748718613,-4.550457748357185,0.7607353544331844,0.9396414032734712,0.004155594128470561,0.03128063290869222,0.34070263617490826,-0.6347384253221128,0.05948992261630187,-0.03140094919739792,0.8351890776892353,-0.32812118764458414,-0.047891823204753,-0.47148461592080904,0.04226943806513977,0.005239272733334998,0.5635865790766146,-0.17229644096397848,-0.05886998304013109,-0.262294742160274,-1.7577887638492227,0.042276477215535326,0.570301758969175,-0.521987697448428,0.18163130799219968,0.33126023192976417,-1.7334062948412912,0.8886362342979099,3.8835327716658905,-1.1511024068655389,-0.2891462637853295,-0.9896148005056056,0.23540077924932715,-1.8309674979470918,-1.2478776632462574,2.5302501658401684,-1.4657157682613005,-1.270785874081306,3.42778107905126,0.5526313256439128,21.732386074852926,-3.611644491850173,-5.643380613749286,68.64683484637806,-44.58711113154167,24.53143669045557,-101.63900341239274,33.37171427111813,5.735619141330044,27.92805230594536,-29.859153128225778,13.005679375340483,-38.40716534046026,-29.21078490846506,9.74435293711744,0.0
-1.0644459844129794,-4.58527551090976,0.7616907385278432,0.9392696661220291,0.011811918999104304,0.028368613207700368,0.3418013965115443,-0.6183010895294853,0.01828737384668712,-0.012673329534272765,0.9045097090377265,-0.3490083422144227,-0.047109174836490256,-0.4865615125861298,0.04435146211055171,-0.03245736644220922,0.5329864991028356,-0.14002249427942173,-0.0837602007300992,-0.270187633181901,-1.7318250236796153,0.04984782202378407,0.6521924890486682,-0.524989048511954,0.07185328291514805,1.2535315057597338,-2.2454348987871664,1.0259675170824298,2.8489673740122607,-0.8395811122651655,0.07962425145826495,-0.6156886797774411,0.11105607198601916,-1.7876102786564951,-1.7060560768099937,0.8887947702418426,-1.1327057119568584,-0.42969961331219964,0.5705018716742146,-0.13598717081775297,3.377816657383143,2.5621751324958306,-9.836136297187965,46.49372146051227,-14.605670730539545,11.836947376024035,-80.61812716422982,23.166353782273674,-1.9307310790844914,10.661955789595321,9.030486015229249,19.863214249875092,-15.621785339595545,-78.1059297112436,5.867922989510269,0.0
-1.0698094724761353,-4.619737804054232,0.7626452672729036,0.93919676056262,0.019546435993360246,0.025191919883596245,0.34189581594575835,-0.5836493927802097,-0.031283184643192,0.007477889903477296,0.9530867687087518,-0.3663860017269216,-0.039626534287846564,-0.49225501577194575,0.04161190385148938,-0.07880991376213502,0.48862396804759584,-0.12944205930070668,-0.10616568200744486,-0.26909767220408687,-1.720521887502524,0.03814531812947155,0.5951586077743046,-0.5641362433514059,-0.05018130200963068,2.087694394539224,-2.57469298342284,1.0692323732315998,1.9750798784538048,-0.7329800748336059,0.3627471276280886,-0.12139885941785347,-0.1997222686330095,-2.5754093031869303,-2.462374693066176,-0.1346809861899534,-1.4369340456255786,-0.2671902904370023,-0.31459860769873255,-1.7335720974930169,-3.061850535346041,2.749912160556839,-14.470258374274426,33.726956998649484,-1.731642636518088,11.516003760471499,-53.74901296423187,18.614759654970545,-8.020457889157365,5.600423505609522,13.290444013159803,4.677304227501828,-9.959215708601956,-65.74540652680344,19.989986980339363,0.0
-1.0751201857529429,-4.654166576537833,0.7631107063316549,0.9395918880091929,0.026466354572217934,0.021297213341328437,0.3406068771573335,-0.5341552637748782,-0.08436027457562428,0.029973842236061105,0.9854001186676487,-0.38376494045519327,-0.02813364877215069,-0.48981917940766906,0.034969138129127574,-0.1395823580305318,0.43307635740993355,-0.1311984299035895,-0.11222488427581365,-0.2640296678530442,-1.7302523755964385,0.0015332879136541891,0.45059453696843577,-0.6026273183319055,-0.20937948261648964,2.7063169422478985,-2.6214642090347815,1.2088597645221766,1.3168706694283123,-0.7655351884510841,0.5190512219223572,0.16031034325109622,-0.16209832009697928,-3.0179472697532215,-2.7616162857340023,-0.525902241820523,0.34378102084946266,0.03122194326477975,-1.574309421570751,-3.2313407725977488,-7.884879694659407,3.4381490904785537,-14.033208898204878,17.970035328778906,9.335626211345032,10.439888382009515,-31.289627751807366,17.773883717253455,-11.835325901538791,-6.424365588214235,37.48873632899356,30.569120013526444,16.061223090518492,-67.3537149882348,59.51366610102472,0.0
-1.0803253274860873,-4.6890443358693075,0.762612792294916,0.9405372256779382,0.03174254001872773,0.016718524080012138,0.3377908068905832,-0.4748117429544593,-0.13675333753598454,0.05385033603220175,1.005276698515861,-0.40345573764689574,-0.013584209749373239,-0.48444257017616654,0.03297930520489484,-0.20563917278092855,0.377635513819982,-0.14867434339885482,-0.07969066917161513,-0.2590067831062007,-1.7616834440326954,-0.057568824915861294,0.25681788821599627,-0.5968310088087427,-0.3570036663441104,3.071572790457554,-2.5525599205204546,1.2108188297073041,0.8019117475170182,-0.8934477707702726,0.6505109233085791,0.23813670224654657,0.18537322105813947,-3.1619908443805262,-2.637825254831622,-1.4603723892215317,2.171805069438104,-0.03484614662555244,-2.455738416399117,-4.552138922138478,-9.166391868751258,5.463123823667928,-10.794451929844898,2.5853863026176636,11.051277530168548,3.0723428469345984,-15.023730014829308,18.816315268753776,-14.489847145060548,-11.744608771355445,47.30888166573602,43.82611941817892,21.07000305504108,-71.72151926022062,40.39691777314715,0.0
-1.0854801122716733,-4.724802847141333,0.7607532818909385,0.9419269111830745,0.034858181551883895,0.012076637867941336,0.33378549397152346,-0.410734033951901,-0.18677277910088272,0.07544969135165183,1.0112132199761752,-0.4230444078965446,0.004408854169926734,-0.4791475053602209,0.04099449847819373,-0.27002766898035124,0.32571199835946496,-0.1887733180857247,-0.009600728279097347,-0.2591908889392427,-1.8143774174764198,-0.13585313993528858,0.05176683959440628,-0.49131038877099026,-0.44926464612017114,3.164210647443832,-2.4164352939335307,1.0112042716422225,0.11279812880608914,-0.8802004691699449,0.8082003349997278,0.19105960304653513,0.7484381208235095,-2.957368630427055,-2.4951294171914875,-2.6417280401022762,3.9130183046243343,-0.41448167622341936,-3.2369526706997624,-5.874303835096809,-8.085909765987628,9.881014877715844,-4.794981210032502,-15.524392918727306,10.924833503376849,-4.853526477124302,-4.607644269246889,16.929092182874847,-17.222840804971113,-15.329099138822416,48.615180068215054,52.46097446673324,13.623084227770864,-70.82993120542295,18.176032747753432,0.0
-1.0907451519733378,-4.761767658096575,0.7568371777934164,0.9433222912876911,0.03594377491360929,0.008570184716735955,0.3298145717499769,-0.34639667218083664,-0.23392512677328475,0.08590887998909173,0.9870383613714065,-0.43400646377226393,0.02855008404917878,-0.47945121445233313,0.05964281891886201,-0.3244352508354453,0.28153155066546975,-0.2467045411467865,0.10428236523422416,-0.2683376613089935,-1.8805077170426983,-0.26356070680932275,-0.06535810368870598,-0.2681999290710467,-0.3412579965184997,3.0133312816297964,-2.224118217483091,0.24255523554533925,-1.6006549987969827,-0.47205371570871607,1.106729318188494,-0.21516818951144348,1.1829682215459076,-2.418245771476847,-2.0263484155144496,-3.37080569754691,5.894610970845303,-0.7926243011955052,-3.8474060864294346,-8.849927837318338,-4.475042038790967,14.581429775930584,10.003042031801067,-39.7841225887927,20.44286189682142,-20.222087235759606,2.567414072853282,3.617447461010575,-21.703545115233446,-26.235474424934925,33.687239459477965,47.30308650118569,15.814748833321346,-47.363257216905495,-27.496515272371866,0.0
-1.0960374766755812,-4.800331839553283,0.7502452770417599,0.9452646655003082,0.03417047139790426,0.007044478629108191,0.3244340709017462,-0.26477580041307985,-0.26328442070041086,0.06696181772611662,0.8202860961620377,-0.47756360246562,0.12445033001111704,-0.5259282959352167,0.090357346179126,-0.32027500844883916,0.37268141742498123,-0.27719178624389157,0.20058543712324442,-0.23871200022341588,-1.9909458758680976,-0.40521132547903405,-0.557755972801069,0.012070687621580218,-0.3613392685666448,4.11001425540161,-0.5244076649054716,-1.981315286477213,-10.674075603827575,-2.6179167526171088,4.748424755345253,-2.770037762367671,1.8256503645852138,0.7727384718307654,6.755586401181275,-0.32167721282235573,3.9285337853428106,3.7800034480421045,-9.060395469734251,-9.645339898160996,-51.2481102544865,15.532748767955708,46.90897099304206,-63.22213023313555,131.63987624475013,-102.12211054642907,-28.281787985515887,-4.223581395579054,-86.86388674718044,21.973745617606184,35.536641992203215,-41.552218104191255,14.375741850537711,87.06739618620763,-87.85038413481115,0.0
-1.0993769754351712,-4.842475485952363,0.7410754759723635,0.9453818464216186,0.022674254279281325,0.004313027980104492,0.3251467982911301,-0.19073104331762966,-0.20501099234077022,0.062309892568711354,0.577423075442214,-0.4453579712408266,0.23358940579227427,-0.5927127878430303,0.1562582246411241,-0.23912232949588696,0.5456962578429214,-0.29163617514814555,0.16538345532300464,-0.17945355106037317,-2.1727791806925922,-0.3898772095009072,-1.2528226861051477,0.3392825570741703,1.0341639457644134,-0.4259469621890335,3.975107810922672,-0.18322535948888963,-5.094532578529053,5.963605570045414,2.2642108824454925,-2.8832859708419933,2.582390803743369,3.455493677842756,7.894894253052986,-0.3959422021299506,-2.424733918220909,-11.128083602212692,1.6540052521743718,28.064992537990495,77.79725051578703,31.894148354886898,134.91739244933336,-801.646844770282,-144.8395177374381,-143.81227859841945,1690.6561762318136,-847.4513850449495,-556.1510575165962,116.54897363000036,-282.4453194260564,-188.6507802833049,-207.93219649154776,35.74824242876263,37.887536183395156,0.0
-1.1045989601549562,-4.8838026644086705,0.7385809612733585,0.9428692378162715,0.02011116888273546,0.0063589666121919,0.33249466884381573,-0.26160746525879763,-0.14961381677772342,0.06713612475240076,0.6131046209289,-0.39768770920821905,0.21632365545935384,-0.6334044201442512,0.17480400748127922,-0.15656507124845795,0.701987331649486,-0.31643859557188664,0.07274124282547288,-0.27842832629457803,-1.972356802775247,0.06572423865307081,0.4759975443600981,0.06127710754139147,0.3617762760131099,-3.777195875098072,2.0810585743776957,0.5917628058847468,2.945675762419177,1.6562465976523346,-1.993941296014612,-0.6519750116042522,-0.1956618582961834,4.038637022468691,6.494275931014468,-1.1542929923063996,-4.405636613321434,0.5962165010269099,10.032477188528668,18.42389031838122,54.934840102207595,-33.215127276187076,-54.8036499627309,95.25457031042036,-52.614478681917774,39.884908959845745,-106.40196292521203,32.76030669921825,-46.84355750894967,176.97767907555547,-110.34692490325872,-42.356186513516555,-199.97568563934996,26.26816241584509,77.57571443871728,0.0
-1.1102867852120208,-4.923020498840142,0.741080271640174,0.9422305828316481,0.024846730909573702,0.0097854493928383,0.3338988076049701,-0.3354435263938035,-0.10746539713046792,0.07931323801728134,0.6626081392145834,-0.36346136669900875,0.16354230669866143,-0.6397176063304029,0.1490342677016334,-0.10697617862493032,0.8463906682213962,-0.3528554085453529,0.0035581216003463933,-0.27223888394573376,-1.9593567345042409,0.1755392724035001,0.5275767430317745,0.21727388126495795,-0.03974601613078499,-3.2729278325276154,2.374858793145112,0.7885977165271759,1.5920814785996855,1.7488736062651737,-2.565454630088433,0.32557806265198824,-1.8464466295804614,1.5990112181555074,6.4580522502981506,-1.5678557294646707,-2.8210774659187403,2.234111400580895,-0.6307529705502771,5.555572213796078,-10.269788417163463,4.498614189184585,-20.46707848477326,59.8587750941313,46.75324097256971,32.07307111236672,-113.42243233523268,-6.833145092511489,46.627565156007435,86.0957334325865,-40.148510551801415,-69.28056302037915,-153.3260671627802,44.01571678411138,62.07178914772903,0.0
-1.1154447019741998,-4.962656517200883,0.7444879993979218,0.941849171133634,0.027482881356952128,0.014423661903909807,0.3345994441783925,-0.39711582345493107,-0.05902342236216592,0.08874121408331795,0.6801824112653002,-0.3268416375402187,0.137854778993872,-0.6296814913663294,0.10871130163273224,-0.0714687355605063,0.9798035851060792,-0.3971832458269606,-0.04173311159179926,-0.2368091193363093,-2.0083385704918175,0.17130111718423865,0.22760606948493856,0.4484983135190381,0.16953410121548482,-2.8746985150482285,2.633660718280858,0.29110564304569697,0.23843239819607964,1.9444403541565536,-0.661802715410348,0.9214630611428278,-2.0713296173974474,1.7676583350026027,5.85398956162212,-1.9500281418911745,-1.8687404220266919,2.850192456630818,-3.57516081315202,0.18355089632623567,-24.30031132240215,10.571364564196227,12.049730903748866,22.74957524777586,33.960127603559755,-14.821592709919065,-68.91864235035669,12.730043560791886,47.99844902136949,59.00338320966046,-0.6309894071687303,-11.411130495364922,-141.53623200026445,48.02104589042665,39.36478237680585,0.0
-1.1196636369057829,-5.0034200762887835,0.7470835623596215,0.9410638674269798,0.02656082319454304,0.019578966679568776,0.33661548413340375,-0.44797152946002655,0.001995017612110496,0.09980442825588563,0.6645152265059174,-0.2543123198097785,0.1432405872962507,-0.6093289865077954,0.07377637691274301,-0.02437494173281452,1.0960885600100325,-0.46411814151427205,-0.05414786277032651,-0.18418269492926156,-2.0705241155630385,0.09480759378695876,-0.10449568591378527,0.5850871657398267,0.28147678530348585,-2.3800518268026667,3.486911458891177,0.7081324347489516,-1.299786145273889,4.170493978886915,0.5193768962096087,1.269565121218694,-1.545271049588282,2.4387825266637364,5.061926899361158,-3.145838669255938,-0.31876130195715946,2.836610984399319,-3.7898094551822794,-3.865352384158867,-23.148953806942846,7.653036154207799,13.370167970316151,4.388042718859172,32.021608659909965,-11.67968479369467,-24.195239168206264,-43.37819527349451,-17.542708188190954,35.101699839487104,12.398941240281173,-16.99658785203082,-119.92281974750335,62.28143393007529,8.91995884025297,0.0
-1.1235915947973487,-5.044508379090512,0.7484153070725088,0.9398074509332847,0.025700563441491592,0.02602993066458404,0.33974089968484816,-0.493280861899283,0.051083888350135574,0.09316613853353709,0.6363924179001412,-0.23539553786328896,0.1026127705840299,-0.5725267738234479,0.043790849487574966,0.04900456522349177,1.1520706042564126,-0.5438585206519004,-0.014302278657470184,-0.21064399817011717,-2.046223364495737,0.037963496899967655,0.32230177132376414,0.7227146807326965,0.37065182639050837,-2.2210726502605436,1.7475599101190251,-0.8106457915974177,-1.6601000786932725,-0.21802973541781484,-2.1111356174368168,2.1284247746563505,-1.7263938752548853,4.098495217290899,1.2728996439611038,-3.708989946752338,2.0541887228803524,-1.8173564298924947,0.4642000345887238,-3.8640085911563413,19.921310630656816,10.175057819569947,6.488937856004472,0.5262757617080713,-68.55042976583445,-36.41562421085407,-30.500120758756506,-73.22632938963015,50.84106835623132,16.468426368912866,-41.297110340976246,8.910890860254241,-137.82651765310632,62.54581993938832,-41.56045129389711,0.0
-1.127598999330918,-5.084910677191988,0.7489707765935816,0.9375363902754018,0.026204654224082396,0.03256047846099104,0.3453674105192299,-0.5505208161456202,0.05965379314892417,0.03967857434968901,0.669697016775176,-0.3139430241805124,0.03822973079529797,-0.4770920963478526,0.006513986713865085,0.12725894099460777,0.9617951028410314,-0.5716530549003314,0.013583719783729792,-0.21088323561711447,-1.9862427258401636,-0.03127484653499137,0.43294691125280527,0.5586256828795124,0.60805446152099,-2.8489227998577835,-0.5161093932483213,-2.9409815787443128,3.0147536830883426,-4.228409845321023,-2.7210253406816856,5.772532607026004,-2.2693671788161813,3.6529477866762625,-14.257777462587299,-0.9710425312011676,1.055014408081489,-2.8185008047190085,3.960638293988913,-10.260677533204277,34.31951685815898,-1.8296447231313402,-9.161576064570015,25.63661656778063,-92.63578865627865,52.256437367464564,61.025187120240915,74.00489873411347,64.73899408289577,17.549987077521372,-64.30152431424051,-41.58038517957681,-216.15179848972213,-0.5945663978814419,-29.31554226163445,0.0
-1.132214542606858,-5.124978314325395,0.7474923803716532,0.935782347982568,0.02707065172900872,0.03886294055801967,0.34938266824555625,-0.6089587407617727,0.04094850335802141,-0.007562483414336281,0.7660848316139013,-0.3882761731891526,0.016002643550546543,-0.41307680589550755,-0.04051810751322995,0.11739438108623305,0.7130756947871474,-0.4100087663758083,0.0018215852622192608,-0.24860418057280131,-2.0560647351142785,-0.02244407739530898,-0.03120331863287945,0.6794149317100093,-0.10286635579434109,-2.5413690664300628,-0.657760172360712,-1.577734674587365,4.731003620208896,-2.912744559729611,-0.6744403643854732,-1.2881430797123192,-0.4139085878705928,-2.3437585476319507,-5.0675012569492885,9.49471831088578,-0.9982414531264006,2.1685705589358952,-6.347388807538007,11.31304767525021,-51.99592169448595,-1.151681867816743,-45.81277059691105,87.25736652350734,46.74869798707335,68.9184350835094,-95.22032621377298,83.34430123438746,20.139633383360735,-367.65779479148966,369.06575136028437,94.57710387913355,836.4749258764367,-886.7398854968835,-14.479098014839476,0.0
-1.1361440098553828,-5.166203938176092,0.748690537098933,0.9361001262754088,0.02217815596883447,0.04054450918559339,0.3486844214470801,-0.6356615032318149,0.03356682487703476,-0.012304591622585863,0.8570747751055713,-0.4438715041044782,0.005859204702092899,-0.4624498574843671,-0.013170353826616757,0.07278193558833226,0.6904929630854195,-0.3144256930293668,-0.02698006917038855,-0.14579345828549756,-2.0390585179755805,0.11844749609409234,-0.5867902144404762,-0.06018878043472038,0.062865962895926,-0.09145532492706199,-0.5902341146548916,0.387885940751137,3.8927364564274263,-2.3295855369491307,-0.41596752497600925,-2.1993304461149545,2.1161310760685628,-2.171341622112419,-0.3343738865591265,3.3684330856166667,-1.733816954577056,5.68461690760697,3.9658507866605315,5.332054058241864,-12.913835977067274,-46.536231370766345,26.162126635427324,148.32904461539394,-52.64343345959566,43.08161626664934,-96.33667991344747,55.830135939686635,8.047666922604282,91.61476854334092,34.27887345854603,-5.192470167435501,-37.352980763836115,-41.29558657636232,-25.055332803170053,0.0
-1.1388535567520608,-5.205673070282322,0.7515206115477304,0.9357787825559275,0.019024407989501026,0.03542646748419464,0.35028717849842333,-0.6239215836027197,0.006050184444907221,0.011442165655883171,0.9667519578696102,-0.508646477738462,-0.014749473068552187,-0.4919826024768828,0.0239954551236451,0.028275989486556984,0.6727601313807757,-0.25702308266861895,-0.052314861343722346,-0.1289067923448322,-1.916569154028852,0.1616906966709184,-0.3391230308783639,-0.6030451030516081,0.21609764007221524,1.4553006932436217,-2.135856979097156,1.7091323417270163,5.531441861962078,-2.8485778099196084,-1.0090719536165684,-0.8169908292408745,1.497914020525868,-2.305315904140674,-1.5336709699061315,2.6763117228960676,-0.9597989774934275,0.44473523756378963,6.309432854552562,1.9386593571118693,18.414465212774296,-24.281160663670466,2.9566541949443588,111.5757584914161,-89.7965283753276,48.34432403770088,-69.12878915316553,73.3904499494194,15.930090430886352,70.71289095385409,-47.62216740918497,-11.073309817026704,-73.37148684414854,-18.14841704513301,30.7438273128266,0.0
-1.1414984164786053,-5.243573696589282,0.7552944930625158,0.9356925904400519,0.01753925673521836,0.028955736665697597,0.351188433725981,-0.5823512460289262,-0.0426218968978443,0.05491076565117412,1.0666600164130624,-0.5529532835871183,-0.014519212577955392,-0.5005904746692815,0.05221119838859156,-0.019303002993248462,0.6263246163597913,-0.22463404128804537,-0.06191658184834864,-0.13755829938052916,-1.8830396704421433,0.20426042051160354,-0.38750317515455684,-0.4734323588590512,-0.025870995784870003,2.599248017103005,-2.7149152155839302,2.3908079798578403,4.1567806012342645,-1.7204537936970454,0.15856665864906425,-0.20629985885778435,1.4192687268829884,-2.3574836272999304,-2.839798246647927,0.6424871316431328,-0.3363201380647995,-0.84434920590906,0.8070935883785263,0.9282185887568468,-1.9814257098853845,11.962087722748965,-14.951838312835042,53.38491262336751,-32.73813495211008,13.032087177738067,-112.55440021218081,47.844008168318716,-3.091210242831401,17.37025160122309,7.0478489246901805,8.078521064910923,-50.81183802114224,-104.21359778152897,3.852644681871508,0.0
-1.1446592156201327,-5.281383514528519,0.7591441303510502,0.9360569267242863,0.014312716961798555,0.025310752051916872,0.35064503688947657,-0.5258054198633096,-0.09979803712940333,0.09999981624646646,1.128902166168122,-0.5813000732542428,-0.004587879196637354,-0.5051056066992741,0.06776513145993111,-0.08658996446020682,0.5591386123580042,-0.222025277949056,-0.05896929527288681,-0.17464140210867177,-1.9052839648069375,0.17132491590981577,-0.47125931686027595,-6.770656032904776e-06,-0.14691984702910532,2.91636148301921,-2.8909325816270144,2.122338149123318,2.302840687259309,-1.1616554069086034,0.46802899011810634,-0.3446041186820292,0.5960233315776656,-3.7642961264652564,-3.5674736322982254,-0.6225058398831913,0.5616929201399209,-1.7985329101849679,-2.3860264430000884,-3.3770767614138,-5.399305519531594,27.919935165972365,-12.060771159072187,0.5532074179061368,3.237960504622033,-16.42712741869608,-81.8443668912196,26.25238208435319,-10.91563006473618,-21.318072066276955,8.850838245015815,-6.621661353305239,-8.371177940636478,-92.37302378422358,63.515033356317836,0.0
-1.1484609837196538,-5.3198902101117245,0.7616871746619494,0.9363041356370374,0.009064514690707027,0.02582220487723722,0.3501222842060767,-0.4638268191692693,-0.1586548710597252,0.1297263801653825,1.137165135674577,-0.5938070191885542,0.01654550083502362,-0.5130160816421275,0.0686264885993256,-0.18019088924153076,0.4818137782380902,-0.22674809156018383,-0.018249837561030956,-0.20205600551649042,-1.953257439177275,0.07154365244094955,-0.4906586505700021,0.4508306251088863,-0.05777062147607298,3.0069042673001896,-2.8041161898027873,1.0604338659937227,-0.4730515748657255,-0.4841905498474947,1.0040889703473466,-0.6090477160965498,0.05902202308641943,-4.834677969529216,-3.757341545283253,-0.760507296041381,2.7265406730589703,-1.309606324318979,-3.919029240924144,-7.618670557132973,-2.6141269286435658,26.71151229487768,-1.0622610351886954,-27.675101804134922,27.638982252433607,-38.84604759555669,-51.01726832519225,6.093991755643071,-19.55033225845577,-35.9194643459405,35.87604673454089,32.12568179294585,28.965903950460152,-84.92287924465712,52.87162339954868,0.0
-1.1522524226593338,-5.359976096104037,0.7617109412332314,0.9370517575069165,0.0010819777336637925,0.02949602881164528,0.34794082451147673,-0.38134825582035237,-0.19996837174819684,0.12171102196910259,0.9909396910898204,-0.6152295273151969,0.10917990396606016,-0.5658049061890617,0.08809128269246326,-0.21774373516663947,0.522904978905836,-0.22125195788864305,0.02575835740821939,-0.16033508507875616,-2.0663471650295993,-0.07564783007922034,-0.9224978243102857,0.7469328834433302,-0.09831382900428896,4.291896302795625,-1.1254790454260772,-1.6996450464158916,-9.994367954875031,-1.2957483408721546,4.604987721163372,-3.3609450822161833,1.6358499621466611,-0.05884796679389301,4.322669368004169,0.7788281849694285,1.721393221334033,4.151469480498454,-8.666867954007877,-9.619179676549626,-48.41192650718267,15.677799515785066,38.089715253511834,-38.59777112727479,133.42591605484955,-135.32333469497271,-82.5856073450804,-8.37659172783769,-82.90986686977453,-20.99814975915994,52.680419007280044,82.82390798303192,73.35454765317321,37.88415282887195,-42.444531049964894,0.0
-1.1530562832679911,-5.402651662349991,0.7588696895566479,0.9371036403130935,-0.015052681068137867,0.02854655877474955,0.3475561509838815,-0.2646941697583444,-0.1504326851961857,0.1307834425468832,0.706117876652545,-0.5777434531883354,0.20328512383304576,-0.6268080369615568,0.15124403944914316,-0.1723089391132729,0.6353278936226537,-0.2527750204144877,0.008019522696968847,0.04566773191300392,-2.214112640891358,-0.22540226330575278,-2.1983897914014716,0.3554600621151908,0.3779703821623075,5.79765784226004,4.747978131902855,1.1047377301979364,-14.237521466009126,2.188525661740747,3.9332197700811236,-2.4563552325424185,3.704056243150744,2.206356086947709,5.297438004626825,-1.728926151436652,-1.221857035241713,7.830694707456679,-10.305905105117116,-10.909529352845317,-77.4638055456965,-3.0707695851818135,84.94864951335255,-106.48837109060383,183.10476895641443,-44.613619365202844,243.75988193085004,-46.45225043709188,-97.52377481376732,76.48303679818238,7.190916292121029,-110.96485150336146,-107.46894595532963,35.072022780044264,14.801863315095694,0.0
-1.1526286212076322,-5.447595994323996,0.7540109103472119,0.9324501114432735,-0.03580972305653817,0.026339389851091355,0.35855360819034404,-0.2094494438329465,-0.03370189331920392,0.1840851343431071,0.5117093888010749,-0.42879611802063355,0.2328653710105081,-0.6767458613810275,0.20772045874220724,-0.11937492542573684,0.7569959373167773,-0.2983049161077421,-0.03507460040213955,-0.08116940178062959,-2.214708933223138,-0.07378806296227988,-1.277627150725265,0.754914045297511,2.071000337162584,-2.6842783102968273,4.42047824810364,0.179032922803551,-0.8088454620657002,6.278203289986417,-0.8329874178897474,-1.9388659384008096,0.4846884773092539,2.275695063372579,5.236426341115946,-1.9246058465711946,-2.0109932850681647,-11.841348879322904,10.036256288680644,27.935421092376362,118.7029739298963,12.4025322063511,78.83984270285616,-504.4032407603069,-261.52519451346535,-356.1694990701041,908.101872655107,-780.2628940201994,-242.96213339878162,125.0560541585614,-292.78916509617716,-15.545066852754136,-163.60862907783155,46.635836039485824,35.33928585617585,0.0
-1.155733370753627,-5.489446772355846,0.7555827275211153,0.9259303939868084,-0.03904632074990626,0.032063817903779296,0.37429961515978627,-0.2984265098778825,0.018657381329147366,0.1687805582968765,0.5669838230018455,-0.37596881677596145,0.18013458408899477,-0.7010496361624705,0.18872409468703163,-0.05991272123913018,0.8785003459197737,-0.32940454724508433,-0.029771786035268578,-0.17631814629199907,-1.9886954797030578,0.171484073571243,0.5309356333304278,0.31951651808150494,1.2407278477665493,-4.150801470592082,1.553968076193676,-0.7647018510463243,2.7403885925682223,1.8118646563578298,-3.173601210502045,-0.1260137771303459,-1.732880422734562,3.286824054131502,5.649580848951395,-1.1189176219548915,0.5628241931690022,-0.34403140954788514,11.199541043488583,7.931856519022735,61.99642874596402,-38.749949975556284,-61.03895789605431,121.1023195146695,-89.50481813565068,41.58804407292892,-150.39980650922845,16.570680142344315,-3.8126143659503455,140.7925368116066,-65.80001869772767,15.203832893017545,-108.37776645998058,43.532585264147585,-10.505018311105859,0.0
-1.1588783262612543,-5.52856964430294,0.7590066162682049,0.92272551295631,-0.033510333608125595,0.035910526324477034,0.3823154710184846,-0.3701201949119036,0.04650955544023753,0.15547007772486543,0.6073249648596127,-0.33907992578642654,0.12157108952039493,-0.6874166642187066,0.146608433703672,-0.013609864542059587,0.9779370276304232,-0.36205771398725733,-0.003236152386058884,-0.13445174771704255,-1.9341204593545527,0.1687446933776751,0.6355836494472744,-0.03716746779155014,0.573609915423621,-2.9332893426986537,1.4625217287519274,-0.3530636944948544,1.180435996725727,1.9278616272000673,-2.5826402127109795,1.3877227150527092,-2.212305752282679,1.6942531333744117,4.013190550395762,-1.4801538238719225,1.2586154273386276,2.878322040828899,1.883799632308936,-0.5157266462149172,-1.5178919585582658,-17.33427879645732,-36.45230412669632,76.64201900022286,22.157671183922606,47.70187099597116,-95.54282860017952,4.762950302529701,45.97100996231045,75.84184617355582,1.328157209232727,-56.40547952780564,-122.87253828576787,32.153066649552784,-25.01217676719838,0.0
-1.161169878156946,-5.567163748174883,0.7619142971494035,0.9215133209378886,-0.027492357025920143,0.03725862988880808,0.3855764050587016,-0.41734408021546393,0.07525264753246676,0.14859266560417878,0.6106556316549161,-0.2901716226063854,0.0811000541955346,-0.6519560853898922,0.09952396035112875,0.009318535166252813,1.045214771236852,-0.40679901959532533,0.00387385986906451,-0.09605940606459214,-1.93426975587086,0.12456274838082049,0.5195347699370704,-0.15377216973216656,0.19371971440960245,-1.9866847792237423,1.5926552310486697,-0.1870795125518615,-0.4362550713669883,2.603059120925662,-1.5492785712609936,2.0524271643393077,-2.3076795494457336,0.8437549851692264,2.6400322325733865,-2.0837791577584324,0.10394690342771896,2.1433490359759855,-1.130917108055836,-2.574770538407386,-10.092281428455363,-2.730432474214987,-20.81737866520007,33.417840365707065,27.308568600560818,23.986007263182593,-50.70680364342785,3.539450587584553,48.99677396939238,25.703144055588915,16.582129678780685,-24.151396973122992,-85.84128577088566,40.432463876732136,-10.118426866166699,0.0
-1.162773843865042,-5.606006678656188,0.763753172615642,0.9210878160574575,-0.02236200129412704,0.03739271069081503,0.3869095000071952,-0.45079551654831834,0.10240771081611132,0.13752966060190508,0.5874409564258548,-0.22636702202340916,0.06551626968556656,-0.6075991204433832,0.052105495661539124,0.021756401690234316,1.0894864301637173,-0.45839691273733396,0.005221140090810695,-0.06500385383356834,-1.9562466148880269,0.059838118942697666,0.3950417299058645,-0.1972747738432407,0.08652396917159103,-1.499991302001742,1.3547609555295523,-0.6937458287253712,-1.5485460135827014,3.4650350425833776,-0.30665147071053983,2.300149419812543,-2.245258637132858,0.5478667866315656,1.7670092559006094,-2.330778991356238,0.050933163488299266,1.8199524602621389,-2.1353078697141963,-4.097741484977461,-11.178250619000476,0.35275044022084295,-11.510423864049207,12.859632432565327,13.138070872938618,-5.034990906602202,-28.921238815478215,19.558077224340764,40.53777029470236,3.7714510881792833,26.754189432719812,-1.4074637161435566,-51.48399666401174,47.1357601148798,-1.4581642707806124,0.0
-1.16370977666649,-5.645337909702028,0.7640725495656084,0.9208221878013167,-0.01817879663486804,0.03657003977372687,0.3878384483217887,-0.4754928502299922,0.12649456254076238,0.1177509799868577,0.5451424538628308,-0.147302105423231,0.06536440758571482,-0.5570219299427869,0.009042022898075968,0.034979410829622366,1.108646471266329,-0.5171596168116221,0.017723679609066356,-0.033871105801906935,-1.98141956545491,-0.030100117653459036,0.29169950944062856,-0.24665201191783256,0.07861429223992039,-1.1522289345127636,1.1782928161877917,-1.1784018323532297,-2.287671565433392,3.8892997761565047,0.18346572235492992,2.5687833102109145,-1.9769226622349043,0.7630762385185942,0.4767636424275421,-2.7006971375999846,0.6274826757756679,1.1927986282887204,-2.146510427116004,-5.7177001512852605,-7.189047036684226,1.4475996324202545,-7.012360478165383,-1.406496487715603,3.4460288326928534,-18.293244514361202,5.414565719813299,-62.98871954474154,14.528879039365025,-7.17863334740042,25.346882516112345,11.628431410698575,-37.94466167035018,50.09220706047198,-12.303658851855076,0.0
-1.1644924544622972,-5.684945446867614,0.7627072384338831,0.9205129221151895,-0.013560272851188345,0.03602311619863977,0.38881154087616226,-0.49771117334929604,0.13410867572263108,0.07204185028036722,0.4987424539822794,-0.10861747087089936,0.04827005083781302,-0.4996595287685314,-0.030846149468741344,0.05830791995695865,1.08463407403038,-0.5718712365094197,0.04952930010348648,-0.04605635434933215,-1.9894647237865326,-0.11035502442648304,0.4870206968599912,-0.17956064533788862,0.07492743736421106,-1.1552960510564685,0.06700784574734604,-2.618527129348163,-2.2590252370197907,1.056245467327944,-0.7407504255750809,2.8173506548692857,-1.9533262348430165,1.4360345288968368,-1.8974163793935608,-2.4412580048032804,1.5115456657004256,-0.9416659216314461,-1.7717704882501604,-5.487236710423815,9.275165591021697,8.311357789718363,-10.170413875023739,-11.074577744450247,-11.215377232328139,-2.3712491651770637,15.587336163140021,-64.61402562171816,37.25379067723373,-27.239477221539453,8.108973647709664,24.789168526635336,-27.16063764941062,43.23032369082566,-31.265690527772477,0.0
-1.1652995240148842,-5.724924307487753,0.7599301176469059,0.9197606317144823,-0.008324887598641804,0.036505702778240064,0.3906896597803845,-0.5256785023688793,0.12206547620785538,-0.0054118616345935,0.466102321599676,-0.1353615828841207,0.018602062984195263,-0.42818122850543705,-0.0667127125570356,0.08831878896517707,0.9800073862008727,-0.5865363126905887,0.08914918123886273,-0.042245210425799054,-2.0168711313063925,-0.1852964961677437,0.5423323092140534,-0.09767432628467271,0.20907675124649444,-1.5539559750183973,-0.7395391660283124,-4.0449789220301176,-1.3385399355902323,-1.972398019217193,-1.0616380730852761,3.619112956758664,-1.6241303539384155,1.581015807612131,-6.2421416001060015,-0.3226746105739386,1.7561149794226873,-0.6952174080733413,-2.797408198367602,-6.791935459145926,8.002617034792204,10.144379463708873,-11.533664082251779,-15.868223695694745,13.754519287153082,33.48372529684525,23.99163712509161,-18.447280662374695,67.1624736128462,-37.62000182823734,20.752343153196936,9.275559021475726,10.579561915506588,7.564914222075918,-39.357331017445766,0.0
-1.1656995019868086,-5.765129443443546,0.7550287412894884,0.9182007955824208,-0.0029690757996242555,0.036285429059318024,0.39443865330198835,-0.5643750611395218,0.10189685366327275,-0.0934585916463259,0.4714309102248098,-0.21993725942835626,-0.00850565208403609,-0.3245713994340515,-0.09936824905181715,0.10055318041090289,0.7423732878751717,-0.47369101773824723,0.0865970395277401,-0.0178058139857157,-2.015372883663809,-0.3384644512707349,0.5239543374761466,-0.264513320794398,0.4105790579076458,-2.0767461216738807,-0.8229703967435275,-3.0571445914003834,1.1181339005963817,-4.308779902374529,-1.1087902241168368,5.384276555650678,-1.5206815573098436,0.2066209598187131,-12.964471606602899,6.056475707143205,-0.451747472553979,-1.0454214690018007,-1.2721627036278753,-13.113713275358037,12.645726446821902,1.0580061622481072,-14.191612241060861,-2.8636981147685177,41.81679647542288,265.02918831405634,67.4547819262626,60.155110661861436,19.290138429799782,-58.1814489405283,18.77793448404966,-22.737956122093983,127.04562603275922,-113.65769404882239,0.3253937905156885,0.0
-1.1668513235306186,-5.806764437999755,0.7490195606183446,0.9184953611754353,-0.002091062653015397,0.037295322529992896,0.3936635084352754,-0.6212970477345554,0.10552117909169416,-0.10741823829961566,0.538943918424563,-0.2622573606180447,-0.014129400956094842,-0.3005677457950688,-0.09905585776436318,0.08453085761736066,0.61304355416414,-0.3953185994817929,0.07525346346382322,-0.0739705853537051,-2.1278497446251063,-0.13666091021339685,-0.44531248223483705,0.2515342855125159,-0.5391372271822432,-2.70982612004945,0.9834315703576948,0.17318815360099882,3.5134431113678275,-1.1190126944257923,-0.07418776832583243,-2.9471233399384693,2.310284999550643,-0.4769123139018763,0.6866971943902889,1.2702356838905662,-0.8879511371971607,1.133512010368765,0.039241008931691364,19.03666867807084,-53.35763678595067,-4.631787410064113,-14.506343495706833,75.37476622220645,25.56010380333998,12.136092523809513,-55.74854678419897,55.10511815892265,9.284874769789377,-222.8557194116298,169.52907474607943,11.273054296376532,418.2048714047308,-94.16439223451066,-121.27442979151625,0.0
-1.1684912345664085,-5.848492027242851,0.748153700937323,0.9202982281764795,-0.007211331232611932,0.03627756189825856,0.38946515430754874,-0.6672719694830397,0.12465820421030858,-0.07749111659127679,0.6327518874945645,-0.2907732960920935,-0.03342334354157731,-0.3777485604212433,-0.04424658729467822,0.07281577278093566,0.667076228043845,-0.3766441225204557,0.04395301470214375,-0.07470282044051345,-2.0304711494875143,0.02670793436523475,-0.4411016701145529,-0.1397617440210882,-0.2449363881497847,-1.4458019503375048,0.43239782438065416,1.7839071835604976,4.508492099569272,-1.1640082648161016,-0.9949029890395704,-3.5289593126581638,2.6364040424524453,-0.8883447873167871,2.645275573927534,1.2099347669120601,-1.8218919031832215,1.432765150994346,7.135981035799709,7.186632944351711,11.156465504246338,-32.180480810669145,34.37406887000981,121.1604939014663,-84.51619018094453,-6.452779860971979,-82.98353823494764,37.68903723154028,15.36030089285241,91.1959212641341,-37.04167314927661,-43.452426261440685,-95.00218440796648,54.441251816780344,-11.499592332121372,0.0
-1.170502104731702,-5.887746810857415,0.7494602201039501,0.9206491043070151,-0.007966019836828235,0.033450047781907306,0.38887384017189497,-0.6902567002959599,0.11279355713894407,-0.048448958734701855,0.7491612595944501,-0.3350792864819465,-0.05404505946068793,-0.4364638015805318,-0.0029428689500987436,0.05088548940412843,0.7000295126872529,-0.3435598542993404,0.004973513998171957,-0.1177566423158013,-1.9064638173544715,0.1031898389388866,0.06619463978100844,-0.32393709858150627,0.06497837451996707,-0.5018481954534022,-1.3889866093240726,1.328244939521634,5.524048540522988,-1.9804082491452601,-0.9054786314055083,-2.343117161610711,1.5368497571963413,-1.2353952408563253,0.6858243470340569,2.0283114396717807,-1.9068557004824611,-1.7858253719274058,6.000238731925068,4.2897269045071535,28.08176864881534,-9.996753516511287,14.427571457531153,90.4532540761668,-83.51154009400335,-3.3562372789806116,-105.04340626877298,52.862440416831824,16.918935794801076,66.53249680521714,-60.167484737787376,-11.5370397952693,-106.99596426554804,38.40023982765664,11.832173259820028,0.0
-1.1732461992160343,-5.925031709806967,0.7521448092108143,0.9203915423311761,-0.004450881144362582,0.03157311455692587,0.3896956978200461,-0.6907534738751546,0.07396145343134046,-0.02390117818321097,0.8552826351857282,-0.38062458104401586,-0.0646940568528478,-0.4728919817874969,0.019958436606309197,0.025497088016471336,0.691596253819784,-0.2942236771567577,-0.032141902587868545,-0.1533262657281746,-1.8332242218123989,0.15827978461994363,0.41033320959625524,-0.28745496221640987,0.10093560982760355,0.49864051337833026,-2.322669368599671,1.2562725529347936,4.489891170120442,-1.9662551209247943,-0.40618305304983715,-1.456208386317796,0.8009232957988697,-1.2957015469693567,-1.2163656402381655,2.76373606584818,-1.7597682399865322,-1.8689132988110266,3.108884548789241,2.262416830792539,18.818165374311874,3.5368058158571443,-1.432703443743557,62.13659441378827,-36.605284827827184,9.187010681922555,-121.12234781501697,46.44980897212142,8.21392847238279,34.15248288797306,-40.977664958881725,-5.400780143430974,-78.19168695795928,30.1707113905294,12.36733108605529,0.0
-1.1765452142514823,-5.961173688226894,0.755460565360573,0.9201719215465634,0.0014807934524163583,0.031163231894233367,0.39026951588096387,-0.6703367898908996,0.022599198225163663,0.0012638084481785745,0.9263448028274471,-0.4147034345601854,-0.06432648123246282,-0.49506834659688687,0.026204941441656925,-0.007098225049734173,0.6525849987466433,-0.23369677042038856,-0.06509311643579042,-0.1740500396295575,-1.7931018113123278,0.165683087756599,0.6129020306595869,-0.23102972509931663,0.019803637959961057,1.4103044066396144,-2.6586005081730444,1.303067479409732,2.6890380987464986,-1.4065305330583981,0.07694382081269999,-0.955518446028426,0.08296103667997297,-1.7265765965213131,-2.2618272505164714,2.6477040359500723,-1.5302361637568418,-0.9606664997807077,0.9007657317766806,-0.5436571365210567,8.01242773730937,6.135094964203645,-9.41396830522716,37.447391386377404,-1.6322958401430958,6.129857257608762,-96.17460887024475,32.37357062064042,-1.6515774686752172,7.78823950255343,-10.99888274508558,3.844103442107417,-14.950229632227844,-82.88073454346463,20.176923003479494,0.0
-1.1798632155652662,-5.996929800761183,0.7587647582764829,0.9202298607481043,0.007724412406326797,0.031020254577457343,0.3900706098214155,-0.6329985182708617,-0.029716987761169007,0.02508963553080555,0.9623287926038271,-0.4327926545536547,-0.05434854312855206,-0.5086005804198862,0.027731523130917285,-0.04337814801051994,0.6030001186172099,-0.20449112444513393,-0.08536949161576368,-0.1606150673403224,-1.7903524141265181,0.15645160702715705,0.524588767531969,-0.24808204537299872,-0.047604172873171764,2.134243760710935,-2.4930744073659667,1.123844009809398,1.2107396954768106,-0.6760907274648645,0.49299622704867685,-0.536386294659733,0.17559406382007833,-1.8057714717012023,-2.6110812607687475,0.5912928262416477,-0.9190743902204339,0.4135440010290759,-0.824227883426119,-1.717202799335905,-5.463114184506434,3.6320724648960256,-7.314017799962152,20.26312931439439,19.732664363557912,-5.945551124871073,-52.91679872337913,17.388650021633527,-9.968004628333501,8.527930996604486,18.409593298201045,6.9889994437256036,-13.210538343095719,-80.44256870432879,-12.974518683593967,0.0
-1.182873422788088,-6.03275327672838,0.7616245578169913,0.9205123984669252,0.012993772749654903,0.029995089102353135,0.3893435253964541,-0.5829804440810024,-0.07687032954085493,0.04479627382890368,0.9753517585974034,-0.4419414141269002,-0.04200749818530203,-0.5135697401683719,0.02903116332914511,-0.08809821050557314,0.5434411442572766,-0.20046277426653836,-0.10301789010881295,-0.146673305274301,-1.7975290136073596,0.12103073164586105,0.39024926823707023,-0.30655839609004304,-0.11511115611143746,2.6695618999620194,-2.181273830111776,0.9181073641898604,0.38384886031084503,-0.35182280208781397,0.5453699291473858,-0.15344817616677336,0.07460473077383159,-2.4773330307302266,-3.0858561333063705,-0.43043483021960666,-1.2180516209496408,0.12183081303889373,-1.328097185339987,-3.269428669923864,-6.2214979337268765,2.8960361555783534,-9.317099793458235,7.664607061813627,25.31398164267027,-4.2739563909198885,-15.741906837409978,8.949347216858778,-12.067337369806639,-3.7308438536430586,16.83122323600017,0.03377638418773188,7.009479119780896,-62.35826474494092,17.200278873287058,0.0
-1.185675939590359,-6.068861664292642,0.7635167809523946,0.9210598652960761,0.017266640925203507,0.0279961885107544,0.38802938172360624,-0.5246362774258614,-0.11730457036498951,0.06051272186167707,0.9749555406953773,-0.4484956392702596,-0.02877123686581449,-0.5136617895195936,0.029670668275000305,-0.14357977612359363,0.479640825317034,-0.20936054872058227,-0.10496011831848008,-0.13695967619760946,-1.8193679215134893,0.061460508613093864,0.26044698108693765,-0.35483147582401375,-0.16144244432575036,2.9699144708752154,-1.8280053278574744,0.7178132902625426,-0.11108032999986625,-0.28684100264246365,0.5831715529874733,-0.02297144945577364,0.20243750534626614,-2.718476002756329,-3.049464597737191,-0.8951038044238855,0.5422988793083848,0.16834530540199805,-2.0810598929110538,-4.571297025863463,-6.046156344505195,2.72779095590019,-4.8932288666688315,-5.200263558018127,24.737479998133455,-5.240442866568345,5.605335173150627,5.788395319314378,-12.715284108337231,-10.86320694268519,33.063531285204206,29.308415072008664,26.209780368471172,-65.82849333181136,59.393513686146576,0.0
-1.1882808368081792,-6.105576102081211,0.7640288721830404,0.9216731245595524,0.02038953888439406,0.02515204072334965,0.3866138810443364,-0.46197711168713934,-0.15146630766976135,0.06989301188906259,0.9648986484775721,-0.455810947211991,-0.012833266916878939,-0.5122435074150807,0.03537458341286016,-0.20054549306983033,0.4195391111601838,-0.23365383659200822,-0.06827398714269417,-0.12745433576686854,-1.855364477750251,-0.016534727549680207,0.12259842829449169,-0.3780552695335728,-0.13534688505784995,3.0994574546620233,-1.550896443944799,0.3444133375306011,-0.5226896577866657,-0.35065956001380255,0.7195392373315268,0.03522440140073088,0.5201791895077825,-2.6780544880526813,-2.8425516368404398,-1.7580250745693562,2.3474872732014926,0.06146617704331163,-2.5889122342090176,-5.64355281382131,-5.175434467763622,3.680869986460028,0.46576161240576436,-15.53388585692537,20.256069646543345,-8.064009280312769,16.943945448542042,5.446630332082106,-14.682344774736919,-11.59356090470573,36.598096356509416,40.427828389957135,23.234359241573024,-64.29918380700713,34.6427235903073,0.0
-1.1906866027638499,-6.143187722526018,0.7627875729498409,0.9220764700163838,0.022073881677452046,0.02194535265812096,0.38575397429777103,-0.39698337370339537,-0.1801951586103568,0.06821981635741503,0.9366412297554718,-0.4606777971795372,0.011559791266432792,-0.5101547075195738,0.049045578446177525,-0.2541970999658574,0.36156512171668637,-0.2716633271148308,0.006340893357518458,-0.11842587549358495,-1.907358909210955,-0.11655551636686198,-0.02888614194948428,-0.31413512986424175,-0.03801750945942259,3.126924720014842,-1.2641800037680286,-0.28386309081665373,-1.5574256058778881,-0.23566991464903586,1.137200439692875,0.02978778620543686,0.9375084651199069,-2.462568410732357,-2.7925056714727776,-2.3963518515323776,4.055628262262434,-0.15813202894965486,-3.3144881971243287,-7.292251749903708,-5.049669273087734,8.07577755592262,5.752669358977401,-30.287485825612396,23.328824046839905,-9.943160390302625,21.550390888569005,0.023681306996086005,-21.672335717714034,-17.366586882496097,35.046672613963764,43.35400224549109,18.63398960111735,-60.25410122074551,5.195168296381634,0.0
-1.192862093897078,-6.182122987207937,0.7588562000925254,0.9223953986027744,0.021806319291677933,0.01934131639416852,0.3851455913748972,-0.3205191537858911,-0.1947230639782902,0.04539651754708084,0.8145095016782872,-0.4813390530531392,0.08507646404872223,-0.5372215828117299,0.07578256206166534,-0.2611848183354624,0.38899555253763196,-0.2938828703531538,0.09260422036811723,-0.0889201775065046,-1.9905155939488473,-0.2796367551326126,-0.3269575192227013,-0.1624631437005047,0.18338771364857814,3.728127233148451,-0.08246050534610727,-1.7957425131475753,-7.531957635980528,-1.3080601613578424,3.5967091271948313,-1.7345632040134011,1.502686580557794,0.5606219206050717,3.235536219347846,-0.363110569332625,3.7150949134129783,2.725987444671398,-6.094018364200605,-10.029309191146528,-31.305736422960738,10.124929257028272,43.44032747977439,-60.61119956932985,90.49482085041232,-57.601766463392664,2.912403623942948,-9.440929825741609,-65.93675834963331,3.414577739959982,7.216335160798649,12.223412454591056,67.83388383796104,48.95229789190049,-79.4996752861439,0.0
-1.1931185332746619,-6.224012268241377,0.7515747107611129,0.9209150047694808,0.013801087738044268,0.01537400448285171,0.38921552378320545,-0.24110177028189994,-0.1261265137154442,0.05333792703056026,0.585441234016126,-0.4572918767346989,0.1839772275733415,-0.6027162017785658,0.13151815410067855,-0.1800974338759998,0.5657210979278666,-0.2885512674508626,0.06282827108550249,0.013719566986677095,-2.1831511199309603,-0.3673743540457043,-1.220075883249608,0.15818819480794327,1.359555257129635,1.0573089335615125,4.943330810989254,0.7805036869136979,-7.961592133283531,7.089819767876395,2.73214509387714,-3.1853938866120743,2.398674769581162,3.4601250827186423,9.551924220006484,0.919043357318139,-2.126774064801585,-5.358793114570299,-7.735821420704251,16.066594002900327,21.929334210911563,39.70540362661475,166.49462644605353,-757.774095236234,-0.19149955435173638,-7.318115988954272,1216.7254113174283,1394.473010323339,-531.6995058530828,84.91931845883224,-217.32733117080812,-216.39401139861312,-152.07689178180325,49.18768068394386,31.29964882522129,0.0
-1.19440319487621,-6.266304782638193,0.7489762197066603,0.9162357085783799,0.011236824022933899,0.01558936085505737,0.400178500096998,-0.2880141355653641,-0.057147687871265576,0.06812480204985719,0.5637764140617801,-0.3342290273661913,0.1612710302972926,-0.6440585979429779,0.15458790969802966,-0.09176798241228039,0.7313346281487947,-0.29859832439911105,-0.007411276269945585,-0.10207544279884057,-2.0326522617815788,0.05745394743127079,0.4618001898473355,-0.044175144709586514,0.8074964616272966,-2.9985979064736945,2.0292724714924733,0.24412432315168084,0.9572129218066168,3.4995629370842045,-2.5987544766293347,-0.6115822768407155,0.0567314454689114,4.436489203002286,6.420185994638871,-0.713580044110614,-3.316998917318638,-1.4271105897526002,9.058993529459789,18.072144724494542,60.33632906869979,-28.883458519074985,-55.381429032275236,65.10959801376501,-91.99291194433437,14.90903325052507,-39.760888526893304,-105.7116034062305,-38.24801046171481,178.99115711135963,-108.84807400785135,-33.70053776965919,-234.6373351068199,4.202686853468668,55.51529582225307,0.0
-1.1964874242006065,-6.306662029045,0.7515342912060479,0.9138531864607619,0.01743034208338171,0.018017468044821242,0.40527016620474576,-0.34626941095013714,-0.014777797175413276,0.08442243458800552,0.5820435791855555,-0.2912650206806706,0.1021545031218,-0.6449152472827677,0.13542715530301835,-0.029285792842158934,0.8648992093521984,-0.3328591538176847,-0.04001381719021617,-0.0896838677907199,-2.011986932308217,0.18066343998742473,0.709523176274585,-0.020868606506568448,0.3790975832770022,-2.4635017719050625,2.4607949361192194,1.4752485487927147,0.22032005019571557,1.5770012806570155,-2.6292530609938045,0.6871766732458798,-1.5541695918879197,2.2344857468335153,5.825179319715522,-1.5840963755767494,-1.135993000175972,2.5471869980162123,-0.0701415702433776,5.078662756198113,-2.3751681670825184,-0.7337236145242589,-18.27314214512381,65.70873961804459,52.73694624395209,78.67104731183524,-106.77048540977262,-27.500410405284633,60.25004560080693,89.86710803271322,-49.40337202613871,-81.81830680355178,-146.1903434399064,38.089474226639155,27.77452681677225,0.0
-1.1977432675461674,-6.347443656969142,0.7548304429055493,0.9119663837657116,0.022416468807982808,0.02117647084140624,0.4091043557457856,-0.3895889229843924,0.04600800680743449,0.12614039589569673,0.5710170829882719,-0.2540020442638101,0.0684709606151965,-0.6261667470834799,0.10362816710419581,0.01601953542614793,0.97696976972441,-0.37889611646021903,-0.05290908989275454,-0.02973587093552273,-2.0683467222522514,0.14227177298645916,0.3758201259019949,0.1846103484386421,0.5391735512625339,-1.8791947504358182,3.6947393639062467,2.696313772236598,-1.3085394336493719,2.847144571192469,-0.7150967265861432,1.303799523997579,-1.587641686260093,2.044156452896409,4.783670407610644,-2.086964351776091,-0.49210964521004885,3.9701625554509627,-3.735642667250701,-3.4156160452750592,-28.168959173078715,10.388435233630503,19.68759453716994,19.763017833510546,63.60165051291021,39.79011078618531,-60.6137664576611,58.92340747208985,63.072121826188834,45.812568998299135,-1.1063489611205384,-41.313509561304016,-121.06065920748331,45.11082454620944,9.86204142930113,0.0
-1.1983704735224314,-6.388984180458402,0.7569793356273703,0.9093558391724141,0.02542242519034247,0.025887351685455973,0.4144339550316662,-0.4214385102827696,0.10749529160852139,0.16778682261496347,0.5281225697580938,-0.21854747913526498,0.03290344864862258,-0.5990545841206086,0.07110904034870318,0.06646804631688982,1.0653453616916437,-0.449296088543495,-0.03961796255994296,-0.03346292951025119,-2.09214526691759,0.07702572961793677,0.48164511389921993,0.4643492948907914,0.6914124723752305,-1.5388896719725151,2.5588422209328954,1.5308401873362087,-2.599570815934113,0.8902198753557867,-1.9200130977631658,1.4335611569813107,-1.7650261852303715,2.5490730550918443,3.6758226392981004,-3.333845339148359,0.737611565827418,-0.32205185505726314,-2.293075499026896,-3.6725136863624175,-1.228060382155479,17.509645765016455,15.403167367969345,-9.287429306951143,-60.12854660683608,-69.85605398744077,-34.34058806887753,-91.55454473012402,33.16710147999533,7.9663467306393185,-20.959983323817323,-19.428993152052218,-103.07690142970498,62.702549001225805,-15.017750494399449,0.0
-1.199333573693795,-6.430951137140628,0.7576341958767491,0.9058066384926884,0.02820792305844679,0.03312425750521007,0.4214515752776732,-0.45628806978576536,0.1375405905809237,0.17000788988747922,0.47937943843710323,-0.2535213786969773,-0.02537802107666819,-0.5586906346835683,0.033277320595513804,0.12198565908946325,1.0751629899451274,-0.5365328095839826,-0.010797987053653833,-0.0632569517184504,-2.1087062567200654,-0.018193666074639687,0.6021991535197437,0.6752435545141432,0.7948124332888861,-1.9057471438917302,0.8335471826496251,-0.6339574009777723,-2.4840109679997022,-2.644666685394015,-2.4216569419226746,2.1426854534284923,-2.0338666392666194,2.7402704403088665,-1.2214714905001725,-4.14658161236168,1.3321235625663732,-1.7743941195887385,-1.5767788407558148,-6.952266770017483,6.153050917067831,12.68816809442783,-2.426380688590032,-17.871758055388355,-57.6856007424646,-58.40538081245569,-9.399564716237116,-50.45958125252551,90.92606973757262,-12.170433622203383,-15.393819637615197,-18.450921186588538,-119.61800606859474,61.600953931479374,-28.989189127125883,0.0
-1.2007653689702318,-6.472902801355684,0.7564657707955016,0.9020905748212451,0.030569867204763273,0.040049216993986975,0.4285955415726188,-0.5250509523066363,0.12866619945652158,0.09038409190549178,0.5545519560447735,-0.3188198405270248,-0.07316848563971654,-0.4752550729891286,-0.015345282126774638,0.15203873060449666,0.8597637340825577,-0.5879789903990331,-0.0076075640407202725,-0.08563877021621363,-2.067011299131408,-0.1311399791287009,0.6274757775162503,0.41570586352128636,0.46058416822665216,-3.3315906068778447,-1.1823299445242332,-4.400313183168608,6.236475731048131,-2.6484433270658303,-1.7444781012933939,4.794574426521458,-2.6278061253059444,0.8449866684887137,-14.567438768183363,-2.173467966076304,-0.04895873354678758,-2.4543249831347795,3.7989248317946647,-10.576414538141382,30.268482073118307,-14.848996461200192,-55.6501808398981,82.91117996784224,-59.959648439537034,90.72581391890134,79.17157246014197,100.64853888295275,46.98234231897165,-17.7560129683904,-14.869863187732557,-54.021798283267174,-116.47381737678208,19.1403029632334,-1.3180731638668313,0.0
-1.2027534485660372,-6.515255225600048,0.7543525072607232,0.9034411083746945,0.030940892980849514,0.045581527962660434,0.4251577932354519,-0.5775719620877482,0.10965242233657671,0.014935374999873845,0.6816718508800285,-0.3629446435278641,-0.07057844220816346,-0.471394841763244,-0.039805537537563954,0.1168922774778845,0.6965324263937219,-0.42733133813043883,-0.015439792851778314,-0.08572242387595,-2.1396931440402125,-0.05318252339621453,-0.017006541617955936,0.3630523585747545,-0.9853717347329418,-1.5088473443355421,-0.6775467155452947,-3.035707106951729,5.411882345522345,-1.716299797112927,0.4433549726040308,-2.5088537185307063,0.4673899319690136,-2.237333833553695,-3.3234591973310232,10.49667004028525,-1.3409690307640807,3.760241083989165,0.8761559386644492,5.2700727446459235,-25.595745856967337,-28.803225362474592,-43.272772204104726,157.99768944330552,11.05321880552534,79.22706478100463,-146.39373150038665,45.76631550656662,0.04966805230569127,-108.99509430986238,159.38442643284574,35.53004324157685,301.20036699472473,-115.30389896579865,-55.87909855035566,0.0
-1.204137644201725,-6.557238903577009,0.7540543699004592,0.9068485719899905,0.02961964360714006,0.04550713847400359,0.4179443079409125,-0.5904783137018202,0.0898288942749659,-0.010776428795625808,0.8027994137164808,-0.41198038048313657,-0.05971455509382502,-0.5248133932035701,-0.029126269264875493,0.05847370233384559,0.6666293491336969,-0.28336896182293225,-0.040145653946929045,-0.04858339874433088,-2.056848567039007,0.01985207556069083,-0.12458414777795594,-0.3180193650411877,-0.6508114977970036,0.3987378791327026,-1.449867583983989,-0.2324092014261487,5.523214188429743,-2.16250344203518,0.46682515000331243,-2.2036104236384086,0.5607377159167071,-3.1580095523685294,-1.0809935580066146,5.051587322085787,-1.1803960297663543,2.536764593645646,4.967491806988922,3.791156518354161,-0.5465087001051858,-37.33997677714617,14.549478797516192,130.93587145797517,-62.12577310986342,90.58365232867216,-114.51159783684214,54.25903137305186,-11.991128351198888,80.83686989191617,3.9621946318072845,-5.931842289403235,-11.218987115930926,-202.3902404573716,2.9855849172618196,0.0
-1.2050692872626678,-6.59748245313266,0.7550422117990818,0.9097348850600412,0.030291026937215713,0.03992792040057639,0.4121536773636341,-0.5711239633993734,0.04909250067438799,0.007714513828238746,0.9376430891597975,-0.47466367148504207,-0.054898087036254865,-0.5552350875679307,-0.017103419882062192,-0.004434087798161594,0.6404586866799277,-0.22983023043261971,-0.05053068171453941,-0.04318564610416654,-1.9757767674923115,0.07811193953836275,-0.1497814819960604,-0.7544748024452272,-0.6584982105441403,1.7630588485562226,-2.623760733553049,1.6465532945711963,6.408269182713413,-2.761529422681409,0.13808780551628486,-0.8769053515314332,0.6931364727580779,-3.018231760442658,-1.749742336301696,1.2666804738219053,-0.3870389891334201,0.36948021991956936,3.7819489707453178,3.0691393821135757,1.6682933959516022,-18.811430490752933,-8.08725148379173,102.40138465743027,-71.42087761231465,62.5655273209935,-111.80532114356856,71.12276117569888,-8.206081908435522,71.24158540704798,16.797752150056205,23.03902343925094,-57.977284544210676,-129.74778477488377,-6.175099253976708,0.0
-1.205988946207641,-6.636742406844733,0.7570046175348659,0.9133583879827636,0.030494669872077173,0.03207314502393901,0.404744170531452,-0.5263079191649209,-0.011952908169586413,0.05288044269407738,1.0622903588995778,-0.5289763715529934,-0.036927333398665996,-0.5592872861437886,-0.00040603763877049715,-0.06857994724632446,0.5820624476738527,-0.2091625067909198,-0.05244609100122287,-0.050587570033166135,-1.9566841836628295,0.10748278316131085,-0.37653694672908006,-0.729219657494174,-0.9624579767251923,2.7154614964452133,-3.460553558531036,2.6110460159753455,5.387133824478386,-2.25524959816748,0.8693494358472545,0.2025036738180055,1.03567554681404,-3.2706426380481304,-3.5855875913519015,0.16980712495720188,-0.2390817843436799,-0.7354470922369117,0.30151179475818385,0.11562646346178601,-8.682268866623348,6.684714135221239,-21.814360908437024,51.9434562765528,-48.51019319200811,28.43737423527518,-130.9231438747584,57.833321327980194,-20.111146998366117,33.97169459051982,28.918386192019124,0.05393996232870002,-57.79188465190179,-120.84050606680587,-26.322716845165814,0.0
-1.2071767458469274,-6.676006556463966,0.7587073508971253,0.9178781675407771,0.02803598313732115,0.024570747411291484,0.39510749369400566,-0.4672981142733635,-0.08695128486874217,0.10935128649855363,1.1560840309017857,-0.5767739397508119,-0.01465795247254026,-0.5475832323059826,0.015299959215150897,-0.15123743241579035,0.4933589127466572,-0.1999809378433304,-0.03543073172023925,-0.06628139217661815,-1.9769674447978354,0.05394785243376026,-0.616450591712225,-0.5089060631582565,-1.1685019601100883,3.0959722417481843,-3.9512189007983194,2.9254655046125646,3.844597727654869,-2.0710999821663703,0.9713528291831028,0.6840710060601507,0.9147793291708434,-4.387036006977977,-4.664474877454983,-0.2766274632041684,1.5577335420792646,-0.7159393870732403,-2.1953883790522926,-4.708710823675522,-11.316830285700277,16.540141344197526,-16.22750794095679,9.021817129005468,-19.676079070383594,4.633831917046814,-105.39805260704215,45.75935761436194,-23.444204703131845,-2.906566199630765,39.35065286994147,6.822025113450655,-0.8605610031176765,-121.14490927269115,74.3986550719543,0.0
-1.208666926936737,-6.716061647829656,0.7583335595387347,0.9222433237760478,0.023141735093347163,0.01912066314505728,0.38544274813293583,-0.40498574843913826,-0.16730520155748926,0.16214608877816497,1.2006414449934153,-0.6110422282276614,0.007582290777026303,-0.5354606611898076,0.02850340972713489,-0.2514837778889085,0.40265112442413087,-0.20805273816175612,0.03745497246725919,-0.079852537211796,-2.0322398901245475,-0.09601172652051757,-0.6831401691435065,-0.1807190737759418,-0.9848406268011053,2.961505631866311,-3.9833715312202203,2.3690157016768656,1.2725079956951622,-1.450673923533694,0.965149906180761,0.38547613985270845,0.8404402052871951,-4.94515389148088,-4.205770219271985,-1.2663285032347815,4.366511757238829,-0.5780613283988612,-3.968636902763107,-9.898108267433733,-3.0474933568743934,20.871977897541665,6.9881522518189305,-30.660162590459148,10.902314639065981,-31.867356207163173,-77.06672486249899,27.07873603120774,-21.843328360839163,-39.588103915128684,48.93459773167723,59.89045663799631,46.936612621582285,-104.5021092189533,30.25557704002034,0.0
-1.2102716650764835,-6.757427287198866,0.7551052033531336,0.9258741358288987,0.016226599524165008,0.017021756916868976,0.3770995118830512,-0.32800150322591076,-0.2529769865521924,0.1583107642394552,1.0614463292783327,-0.6813551402359491,0.09821216988032107,-0.571423530082803,0.053982000045491876,-0.27406812424617444,0.4585130435239359,-0.1955884572422512,0.13713304733702752,-0.05731781795770974,-2.1307858343889943,-0.229978672651349,-1.001686161049753,0.255269502453005,-0.6244139917296404,3.8076442642883706,-3.771838057819778,-2.2209980431635583,-10.47499268183011,-3.80607331400144,4.540212732598192,-2.541640007429616,1.605899026060929,0.2530855887684581,5.2601191434245775,1.4672343598478736,4.354127114305377,3.8599131758496177,-9.480004783409905,-8.765456907775866,-49.47491829319656,26.328857766567086,49.009784176629694,-58.42411066456445,117.87012975002895,-196.62167060071565,-146.67752733658628,26.846666555656526,-77.14797935270103,-17.680712559573973,35.83322409838041,36.95488709608197,66.3308592496917,46.83851402252615,-92.59137549673834,0.0
-1.2091334640888844,-6.8018770246322005,0.7493280495247163,0.9281563992466686,-0.00034239099179603097,0.012629926155218206,0.3719758947447818,-0.2213040476239793,-0.249121841290521,0.14111439719056354,0.7389329782250703,-0.706549508395316,0.2232130304933843,-0.6338494666733673,0.11872890012445113,-0.21346667462219993,0.632345316350496,-0.21857871068046603,0.11839293672925,0.15079028010357293,-2.334438675285618,-0.3600528072502871,-2.483377603864154,0.2665013465165195,-0.011318474675135137,5.260111143592191,3.1531189734217353,-0.37144865531365284,-16.771121025282568,-0.631861946012347,5.532271563160893,-2.744415370027848,3.9333626067505634,2.7041713265116654,8.677981752691222,-1.1792524770641846,-1.7065316546065186,9.409269751827038,-14.67372802391953,-9.298227145418931,-97.46181033970647,16.91982863375615,101.5499518735639,-119.03119750591644,284.8584340653916,-10.310511032778715,219.7672199501859,9.550532642616856,-128.18453852218352,78.00686690352559,27.299879989635908,-162.5774734135602,-149.3565416125744,46.16220557303178,16.304026536733804,0.0
-1.2062390402392449,-6.849503365316191,0.7426113961255681,0.9246875987207435,-0.02489709781579108,0.0073901858484560455,0.3798399194997048,-0.17878737347984805,-0.1468184494035497,0.17432799276914587,0.5165645230504625,-0.5789352914469512,0.2799006597106761,-0.6730577163464174,0.1813761062408724,-0.1640361232830098,0.7723826775726084,-0.26429869582083176,0.03955867426133865,0.04769392491406087,-2.345489083678684,-0.14477262712474603,-1.7476172497029783,0.6187727546953263,1.6979614333829096,-3.36523465644963,4.878024597239531,0.657007694336119,-0.9864281225900955,12.55394991894673,0.7603837026034092,-0.936877808241049,0.8875739208412678,1.9319080883348179,5.026430344943229,-2.204816842693299,-3.763520963603055,-9.563811470005458,10.075465346234612,26.13784114621838,101.23834590147989,-0.4131484006280041,64.36298319318941,-451.55360149512495,-62.94734380287998,-87.97510120794149,871.379386495507,471.2489904600365,-210.13270917812673,159.8345302851286,-253.2914740722462,-16.330369068169677,-228.59235017240644,28.768693604434002,67.68931321807055,0.0
-1.2070675675790563,-6.894184275545249,0.7422975847632157,0.9186841143022655,-0.03343870224025738,0.010517973197519306,0.3934345225840848,-0.2922783870431513,-0.06822972861448023,0.18394200701313684,0.6051915554663795,-0.42137227040227676,0.24851683947285202,-0.6811504516256822,0.1692921944741203,-0.10998023843185036,0.892844692574042,-0.31017025332309756,0.00504857407909959,-0.08655924884410165,-2.1191352865449984,0.08379540151332146,0.06483486576052117,0.3740044583827338,1.1215439088060495,-5.69739113931476,2.7314032104040074,0.02967015819549098,5.533391044585505,3.2182766529516424,-2.364734573202138,0.6092749904271648,-1.6223653384773065,3.1135563653097633,5.654197627216827,-1.849569487945492,-1.1694803558158062,-2.8325468845997994,13.286753016252108,9.676614222666926,72.91986723796846,-32.26262518290645,-51.39385398995648,119.22388474545724,-125.57030835579532,-23.674079425989326,-133.02759983417442,-252.57056529856305,-23.95876166256075,139.51928176430707,-93.73578523065555,30.945993683612258,-107.88897909938707,57.087196856121594,26.177629899393835,0.0
-1.2090108352369524,-6.935508331299677,0.7438172789029551,0.9155936686286602,-0.031193579979060186,0.01495415938870953,0.40061398833812395,-0.394276605593802,-0.026063685082143486,0.17816298877243236,0.6963548761869759,-0.3824894417579932,0.1968661705091704,-0.6602010044211617,0.12436881974977454,-0.06171636020179617,1.014454970525398,-0.36929483160868026,-0.0015736306688601722,-0.09579933341146801,-2.0262236849774613,0.07726699338820733,0.5395049987143176,0.214145751707665,0.5045252263305356,-4.323295475928119,1.7649738061618847,-0.3320462677395793,3.194749164930113,1.7663697486794796,-2.4992244678018634,1.6224504630284158,-2.541903097302917,2.0043222556645923,5.467822700520071,-2.684016694040021,-0.10848112486616128,0.6621725953761889,3.869796173523212,0.5278467371368172,15.016195731803625,-8.940760436494537,-32.929138031343754,93.64299329488658,-23.887314487023914,10.140794133779192,-166.03200488083868,17.410994333826693,21.82680450554999,71.00410615100431,-18.765172482942816,-34.45839087093024,-118.95608939556062,62.07068463712018,7.219136780234396,0.0
-1.2106522230977887,-6.97593422191448,0.745020697935739,0.9143013892380544,-0.02733375960645071,0.019388530322360376,0.4036457854543758,-0.46935096197961435,0.007094714219232184,0.16849442004508794,0.7343056054016218,-0.3413952558474011,0.15235622220229125,-0.623356935913865,0.07289570401383029,-0.029370078248434645,1.1134135596678776,-0.4491272673339201,-0.005893942808453869,-0.06802428975845769,-2.024490614944523,0.051408905446313505,0.47164302580150236,0.2814641848292,0.2048322386130343,-3.3486291239967545,1.7180133354385851,-0.48833137776582636,0.9746245079007635,2.2518330530743897,-2.019075824629642,2.054247887358407,-2.4637374434407318,1.3682246892597258,4.069663396433392,-3.7114113597044063,-0.20940291804013011,1.69954591380341,-0.9359251468679652,-0.7694677626700871,-7.9696977886020655,5.5168093593537115,-16.87713582753885,38.38262593292879,16.52511253133128,6.626974801048537,-89.07249644856319,17.191922421955788,20.345849874970344,22.036110264090865,21.589872548352616,-23.979452599309592,-117.28517815292783,71.68235301693949,3.338913932494302,0.0
-1.2116194400726599,-7.016776453044475,0.7456439629816436,0.9134922878597421,-0.025528033815170166,0.023961338014149788,0.40534678213953684,-0.531021887029532,0.03956057969946604,0.15108438963653698,0.7370962717456798,-0.2876366931345234,0.11683231415738116,-0.5808901819498334,0.026343217237858867,-0.007646618291486847,1.1775285162291396,-0.5328291721156041,-0.0033370206900006655,-0.03196666656767431,-2.06197146369445,0.014837401873673248,0.22428171569356936,0.4044637190173775,0.16192876760757305,-2.939836173486296,1.6639494895506963,-1.0772523211614393,-0.3539629128172933,2.7311522152086214,-1.672178640337842,2.1280411012346367,-2.1017675041235493,0.9037952548170826,2.402214553252088,-3.7388079378301162,0.1637258161442113,1.7226477963026487,-2.580309253524858,-1.8213350849676322,-13.66356681381678,7.998044652905211,-7.840694862093548,9.858743247986705,10.379365654750334,-18.085069900339782,-39.39264518317695,-26.171751894912063,0.8587671399447903,-5.230847247518855,32.34577346248315,-16.6719745488583,-89.10107723474775,73.60996640192663,-2.669555662250628,0.0
-1.2121370009453147,-7.058087702585547,0.7456384833239316,0.9125643854855089,-0.02506176292340126,0.02858569835741047,0.40716213997871464,-0.5862525044469183,0.05839507602425725,0.11035216498591668,0.7202738154536851,-0.24790644918318538,0.07348461326195307,-0.5343533732248497,-0.01343777748184398,0.015303435430419073,1.2006038190414747,-0.6091689614177388,0.02388576567910717,-0.02283292072648245,-2.0746489465356377,-0.01669106254428713,0.22304120854424545,0.4191227080148495,0.18753316099303358,-2.6503975812299396,0.5721868377165691,-2.5098104457753636,-1.157113932360832,1.5130459314913962,-2.135782388356276,2.3263150616189616,-1.8484933269133423,1.2943098149817835,0.39252785976709076,-3.3600619569526837,1.357939901870808,0.2552221852681388,-1.571016410396777,-2.1531881207538035,-0.19227783192179954,3.5741629300351754,-8.970352082001188,9.247498745654049,-20.210785900076303,-24.388161063887466,-25.3319548394734,-44.24442960901462,45.06827806561841,-13.179307922829242,19.58667526347046,12.737595798642172,-60.8254566918794,65.51906392847768,-26.528745862351983,0.0
-1.2126517105346908,-7.099572806653731,0.7452341861195283,0.9115812118283235,-0.024101738497751758,0.03372322337423355,0.4090251149357989,-0.6352775916140205,0.05443426075390526,0.04240764213115414,0.6899801196007656,-0.24343296821164886,0.022397214007203202,-0.48089944041047944,-0.05006049651948406,0.04875013168588146,1.1672686022499215,-0.6651125774744491,0.07055235314246057,-0.030620927613190196,-2.0834638699938157,-0.03585171945117703,0.3523579708191148,0.46553810969534265,0.16078945396809394,-2.3209346179848733,-0.48178008550182144,-3.629477452332831,-1.7497723105503882,-0.34223685942704063,-2.084636384888703,2.637817214693391,-1.7901352990494053,1.901534386597213,-2.537684412973285,-2.36096357596311,2.145994028455668,-0.6978950143951824,-1.7916814092063411,-2.7047896524390938,7.268952410913658,6.430804655662018,-14.912618586760338,11.815294253578022,-5.52256044299315,5.522519592304423,-19.962208897234095,-42.88207610068637,70.61087532100831,-27.742405972853053,6.655280414667769,19.306115330982745,-35.833080947828265,46.10098689142273,-45.53602521473402,0.0
-1.2129131507240856,-7.141315782675745,0.7444240051102915,0.9100973556195036,-0.0227695936248478,0.03890809801942988,0.41193507839107096,-0.6786207933407771,0.03449083149207897,-0.04511599317258113,0.6570752899120738,-0.28381582671017347,-0.01421944200831016,-0.4098519711979309,-0.08217554421702854,0.08818141708574426,1.050677734496603,-0.6732043731403219,0.12226252304415383,-0.006771392694583094,-2.1030272024060177,-0.07051925804897814,0.34029708531886566,0.43085638077477745,0.3623911463876018,-2.072847489665086,-1.066141287405625,-4.43895904550932,-1.6592020160844148,-2.5359174857662468,-1.171338254788171,3.7141651765326613,-1.4471733038860344,2.0325305584807567,-6.791632490043788,0.013654248945423393,2.2606219057155146,0.11532117135682016,-2.816833303928754,-5.18523234512004,4.863009723245978,5.874088536303635,-8.00964493192281,6.779006798648321,19.814854894825764,30.183864886675458,-4.721842950274209,-21.75376897829181,76.86001782373695,-26.658853444946523,17.888782794604474,5.5698711034814705,18.601489267373154,4.169448491228684,-51.469034483896806,0.0
-1.2123099791851535,-7.182829043190333,0.7417675106428276,0.9071454683736278,-0.020589407443241534,0.04172410600091444,0.4182371031947706,-0.7205444005970821,0.013934175194312236,-0.1167845833455241,0.650068057836249,-0.35846709776269653,-0.01955426884423262,-0.2979539940457722,-0.11506912229808856,0.10527977696087529,0.8012458553696605,-0.5610407031069635,0.13098523709907794,0.041387869840871165,-2.070613720265472,-0.23112629115784242,0.3453186096430698,0.041394752993296736,0.8300540358920496,-2.103518255288313,-0.7296699962888514,-1.7492199928096621,0.4343054897264203,-3.623017373775636,-0.036001904553671235,6.032897386496455,-1.6618025678631783,0.30076614873312246,-13.616056041492259,6.017718178993636,0.029523122062292725,-0.4048628960078221,-0.8984536524317932,-13.649332752688615,13.738506276593892,-5.189300372738344,1.992703087765153,-2.996734954338209,32.61633952138244,227.5632031538317,60.760133970780196,62.21102228840605,5.579822144169669,-38.02251474086741,7.750051873197529,-34.506597924282495,125.08072016679796,-106.21165150837817,-11.20840354698236,0.0
-1.2117986448539708,-7.224973371270954,0.7365500711414115,0.9053262745294808,-0.02000480917740722,0.043688377147655756,0.4219898931947922,-0.7698519760970018,0.01745767532615969,-0.10035305322470771,0.7070944677603201,-0.3949083314013676,-0.005701920507573115,-0.23507429364051163,-0.1282202404857938,0.08488176277701621,0.6122788174705728,-0.4956593710994789,0.10471346851379461,0.010697025927703835,-2.1462182844346342,-0.10986448074421976,-0.40871900651697435,0.32884827943742506,-0.13625921855841283,-2.1002348134309656,1.0600679208437993,1.738312235939502,3.04682340089989,-0.9494820360539855,0.6867839867432698,-1.8648717157078114,1.7027897405907533,-0.6624153243517904,-0.9435287331938342,0.03449044099651283,-0.34117068139424767,0.7125897216618221,-0.0930603154291875,24.007743462052115,-65.47263856605413,0.4223377759891193,-33.448457757894424,101.11004089515077,45.645228082323364,-0.9272733603381926,-55.661216969730546,48.29329452804641,-14.188263215463916,-436.7130713063818,245.06919715226883,57.67702901158088,776.8925434883197,-34.37688641671185,-134.8834539799524,0.0
-1.2114328948309172,-7.266961372898464,0.7371085340307508,0.9069376599217979,-0.026493132743799434,0.04205551877643175,0.4183222780027851,-0.7906231026527272,0.0462149388453843,-0.04766722317180218,0.7810759291024788,-0.4149987098496532,-0.019703570584727548,-0.31153034929718504,-0.0710507264703304,0.07931889748741544,0.6695845374239044,-0.4905533440150393,0.07868467928747709,0.03762747538984909,-2.033699197328536,0.11825055022508411,-0.7016065943112848,-0.17673706830209546,-0.37190030720966993,0.17967681272990277,1.0650467902292045,2.6193713310329962,3.5807738054662686,-0.801966029362453,-0.8571718998168733,-3.818242521170029,3.138929602791758,-0.4163914442220952,3.4413801392993224,0.8590107970502504,-1.7180957269713162,2.7171621406980573,8.511362740743927,8.421520536185438,0.013749175774922573,-39.58113674504783,23.19185088883634,151.39664143762622,-79.13009539026423,-39.2338996678673,-52.6899618359011,27.37418785382779,10.188004226403597,85.47466915071071,-7.5445145319965965,-41.15355364314446,-73.69732398268408,82.05101437080351,-23.942044528859263,0.0
-1.2111629491960176,-7.3059753163572845,0.7403751717392008,0.9081446820230862,-0.029542899968064473,0.03759967580096547,0.4159167199744781,-0.7767205606335935,0.04901498052505777,-0.0038056713007518944,0.8743419081734792,-0.4533095841571448,-0.039593043391555414,-0.37726779793642096,-0.01969900436418501,0.06444179890594512,0.7200543934376352,-0.4628209234188237,0.04306545573375414,-0.0050144935487401315,-1.8841372816793303,0.20292520332379652,-0.21984544345546592,-0.35185731796395103,-0.18579433644000687,1.3489612289993083,-0.6658586857351263,1.8544283121792422,4.532039462779046,-1.7787530165709966,-0.8904760317979824,-2.700826300911749,2.015582850181955,-1.0140843720679853,1.5088215376964726,1.8112764231473426,-1.723842099309853,-2.0441744671198783,7.007652600579767,4.360642512708533,26.156787206022187,-6.9909336259478705,13.227892793672822,82.47772096264646,-88.7850675271551,-32.96713987195824,-72.05841628106032,44.868744752747304,16.49595021544943,67.88623960730907,-63.181238655892926,-26.167944890203486,-119.22901270788645,43.74081774264629,11.42577680421965,0.0
-1.211901928193976,-7.34261397070117,0.7449504596226805,0.9089667019252807,-0.028510151232051504,0.03525844051207517,0.4143954010850756,-0.7424717307876615,0.020880668374948907,0.021560659770293002,0.962707319743931,-0.4920651354627061,-0.051567605917201546,-0.42333757951731604,0.007526037591331958,0.03770656135873938,0.7278443259481563,-0.41554343610117767,0.008898660430009335,-0.06674121608402674,-1.7905366578599202,0.2447324279209517,0.21778528272511571,-0.15934463218335418,-0.187709424874571,2.0802141915082353,-1.9352041062350138,1.0032222961327542,3.8298594800037153,-1.6555386839687662,-0.46782191466419526,-1.9919590038194104,0.5976080770938463,-1.8385028708584734,-0.6860850445223785,3.8826469658784024,-1.9977894215128211,-4.041999473031839,4.9194324263267895,0.5441524810601187,29.026088617713647,11.313907542273638,-5.068263092209996,42.579119372558395,-56.226433328071366,-12.663984848636456,-89.34730562800316,39.88193092449243,10.581455607156709,33.30095127462222,-128.0574116118482,-102.96402281571493,-141.04988919510475,319.852805150952,-81.11442909187289,0.0
-1.2136543541393368,-7.377830210429616,0.7499557672099129,0.9097244630849631,-0.025060389227019385,0.03622335261729313,0.41286952767397306,-0.6940572094490353,-0.025115334288681446,0.0380324495239834,1.0167532571738247,-0.5202704243220266,-0.054609108091882325,-0.45883163350074196,0.008722659708880314,-0.005563598988292697,0.702963274478605,-0.3445776537203341,-0.02532172725876958,-0.1037214042945819,-1.7441986765615827,0.24676859346730437,0.4618122115015799,0.054801491339621936,-0.17796818794081018,2.5998728300404115,-2.4408385472521155,0.786126379342005,1.877544032171926,-1.175101635155133,-0.04636387199740911,-1.6662520017177067,-0.2334728344493406,-2.2858668217215006,-1.6132406688557406,3.257499095490895,-1.4522541697354048,-1.6239490037998756,1.0732609531278274,-1.0654217893443985,9.177803165166548,14.056133129309677,-6.244982083688254,10.24859498571811,-2.448854975313886,2.755050893896457,-79.99467433841976,25.34222292017761,5.031242859504731,5.372813145770132,-14.351463214405829,6.922060266774343,-27.204532283838212,-70.97392245052568,58.17549265629991,0.0
-1.2156507436151314,-7.412431995639895,0.7547799912747619,0.910479053771267,-0.021024575731697876,0.03869997179577495,0.4112033220221933,-0.6349739087684558,-0.07255104266950127,0.05315769898644891,1.0308311628653724,-0.5372188526891649,-0.053021038676512845,-0.4857018926409339,0.003188897796690641,-0.05092197861194583,0.6636709186747131,-0.29795877717775693,-0.03647770209522729,-0.09756062642911921,-1.7296973427706206,0.2275910883305653,0.46147231599820215,0.10576477581161534,-0.18854637448501133,3.0460662913884753,-2.186956102143117,0.7594526825220791,0.12816514293549697,-0.6859974829293228,0.08491376375301657,-1.2420122433522087,-0.136022570603391,-2.157181341356618,-2.095625557115194,1.6627439194354077,-0.4894545226860513,0.1103897943172846,-0.8114308238155864,-2.1624294625619163,-3.579239059360661,8.421311370703172,-5.1173779569198405,-4.908444333779687,28.529105537230727,1.4112142046095153,-36.599281443532234,14.10372246303305,-2.0997411737191882,-1.7610779750852426,29.247875725851603,21.809986991476492,-2.89729475233828,-68.26905544878669,-33.006510110197055,0.0
-1.2173796838880822,-7.4469980924380454,0.7589956416693286,0.9111464436755424,-0.017672350447834214,0.041013895736424354,0.40965559505953686,-0.5699337548710717,-0.11202828699387142,0.06544697124090945,1.0192686589697533,-0.5459733538332484,-0.045308308344467925,-0.5056500204140669,0.0029390487706498023,-0.09460502725916808,0.6164467408998932,-0.2703048051056492,-0.04708103406151898,-0.08084082130011228,-1.7362226067483002,0.18714687351748835,0.3536340257636984,0.08945847026118903,-0.13878566731574765,3.2209812750817326,-1.723026121297787,0.5306385446876335,-0.7591639147103106,-0.3431549405052524,0.37944123176481,-0.9499013266182502,0.18942531306032556,-2.109433680785606,-2.392550169475103,0.8726741347296896,-0.8046594067442878,0.3047800521943152,-1.5376093730913785,-3.3409749651208633,-6.286501713862105,5.056329924051954,0.5319952909818868,-18.05533970613961,32.115104014668375,-6.820410025140315,6.54290628791708,7.102652591418724,-7.4098061430157385,-4.922917137492732,28.68508530660997,16.081152158765036,6.288646344945182,-64.83789507701032,-35.83383351410675,0.0
-1.218802875531849,-7.481812327975366,0.7622918178729973,0.911529401745934,-0.015258411874008587,0.0425795198272954,0.4087399113263353,-0.5029595989255201,-0.1415402633897116,0.07200066733080579,0.9929476707293201,-0.5497085076858822,-0.03110639704131043,-0.5206242161358785,0.008425356500329715,-0.13906704551708063,0.5643263865079656,-0.25772663618800895,-0.06217444663135579,-0.0676530383507532,-1.753013100304224,0.1353979112788467,0.23333137642279636,0.049768323442291665,-0.05451678771570894,3.2348551618043526,-1.2169071227008785,0.21315270315859663,-1.3187020717226097,-0.15020762368735002,0.6650475838717569,-0.733705850010707,0.4397787415120157,-2.1634260507325895,-2.58147111067703,0.19045878856678072,-0.6815529534861453,0.07226584703152075,-2.0705912452546458,-4.015049666831666,-6.094293384245565,4.051070614086081,3.504083861944941,-28.297682476653748,32.17948317324922,-8.835628446688869,28.977495421914924,1.911867848674852,-13.09052075742086,-9.812953518629019,28.137963477268293,25.184436335811746,15.501943104143306,-47.17046489445447,39.93092805051863,0.0
-1.2199521905212007,-7.517175690478297,0.7645117279026109,0.9114712551812669,-0.014053760367506834,0.043367147355304746,0.40882995649546405,-0.437186798372285,-0.1603557825210128,0.07086996483846655,0.9539304717796235,-0.5504491674470959,-0.01012583400796707,-0.5330122489703802,0.021868190471384535,-0.1795352085785674,0.5110032019872135,-0.2575513807216379,-0.05602931647543767,-0.05338931435656749,-1.7890897418989171,0.07866540632489151,0.06744014185957099,0.040316828865621414,0.08896093588360098,3.0862638267440095,-0.6707684936105075,-0.20805120574391905,-1.9055684072585175,-0.011242826405640033,0.968270647495689,-0.6495114564585239,0.9226356622344686,-1.8128444991827726,-2.58687013588885,-0.42804560669248715,0.7547566374491205,0.06677959532773331,-2.8803140498949973,-4.431774879999309,-7.3164582223098495,4.893446709272881,9.66812144364553,-39.30169240179978,31.450874327965632,-11.174662734005297,40.57791456826749,0.9391360690242988,-18.83532784356081,-11.729633122584934,30.22657622280717,31.025716670614315,16.39360100715134,-57.65671893845701,34.78004683687097,0.0
-1.2207277879164344,-7.553461830655723,0.7651948225793951,0.9106823596686417,-0.014319993741953217,0.04365401936717152,0.4105446433223513,-0.37205369439711405,-0.16667854084196423,0.057528625523529914,0.8818444684750408,-0.5433023942929095,0.03129118540616735,-0.5468765808421707,0.047394764860869486,-0.207086146453061,0.46116570333490436,-0.26782985025959094,-0.02040657773996779,-0.031903473599853974,-1.8450251785554774,-0.02025879399646159,-0.10331780062265504,0.07747648054508031,0.33089969650185014,2.993685135515573,0.023772004377733316,-0.9524218976811712,-3.8716462248980035,0.3090198519581441,1.972062518574071,-0.8215336237510569,1.5263698452341223,-1.104194393659197,-2.3222573225097123,-0.9116356515627628,2.031367100270163,0.2982565846116755,-4.0187342725451,-7.203951954428736,-8.679291928285135,7.2111910882434325,20.95228672077063,-56.36534406966961,39.77242871571334,-22.214302930818242,43.66344417744759,-14.439860730694628,-36.832173713966995,-20.469737907440226,22.737292037078404,26.556236949632723,22.459263498613524,-49.71902143528762,5.628479348125162,0.0
-1.2204031564423479,-7.5917982210442485,0.7629833661144426,0.9087868917592528,-0.018485312082731235,0.04340820485174187,0.41458461905298755,-0.2985777056307907,-0.12493945923616233,0.044410563112322596,0.7105415303727319,-0.5149896983863143,0.11497473351893603,-0.6020286811726284,0.09895193752248216,-0.16295067990061868,0.5354689333962273,-0.2809709250815482,-0.023989200715792143,0.0693152003564259,-1.9804780863976628,-0.1982341762734072,-0.810109821041963,0.18372675573755562,0.9891398058904147,3.4267677712741857,3.4922251273533473,-1.1188896910007735,-9.664119946514623,1.3021767204882377,3.9394810034274212,-3.0828806514581517,2.846206856097725,3.335531913627751,5.926258985348353,-0.18529400256634176,-0.6564804219178878,6.264709089100642,-7.7706325971160455,-10.145300663758116,-53.69289655539711,4.745717024489394,90.90606369551831,-90.44515361103441,136.95300413799194,-98.80505373620896,64.17319837870299,-42.62115254720467,-78.75490953429752,37.64452393862403,-25.482148742730367,-59.834938216471734,43.306060854456206,49.74952588109865,0.5340966763857562,0.0
-1.217674917121897,-7.632184440765556,0.7580644568092981,0.9028163766836189,-0.027927348986042294,0.039609899518624744,0.4272864484518552,-0.24699206721521197,0.0033102397089357395,0.11769383419105821,0.5306711950126256,-0.3991660280469119,0.14610457100394902,-0.652288389246455,0.16578947517836212,-0.07323935311158106,0.6574892747050908,-0.29308106419570135,-0.056928677157180384,0.09172188069502885,-2.017386984529344,-0.15967440075894665,-0.7433102652286276,0.1311733100923787,2.1474931646813804,-1.2502248954099333,4.785832927561148,1.6530778764532879,-2.4110064428906854,4.59613437345501,-1.685438692324224,-1.7347792690418624,1.8304560195076411,3.685546086630998,5.08940879890819,-0.47619362424204936,-1.581853281090699,-10.817307170694475,5.497658697823441,21.28448174482359,85.84921245375779,10.914150633326443,86.37335724400805,-502.80447114342235,-442.8170560846734,-556.002975979378,892.2210205512655,-541.6828336964019,-162.76814097800963,119.85557251336128,-267.27488010681736,-115.42229822145389,-176.7172002410122,18.439843114424605,27.190947151882753,0.0
-1.2175374300460924,-7.670570332607752,0.7582776309988769,0.8949313808712259,-0.024560393668640483,0.04201690353096726,0.44354164450751765,-0.303278041557406,0.04302799907966962,0.11459300853887204,0.541256252476411,-0.34558297269614063,0.09078529407833653,-0.6791039551311859,0.1717239484459751,0.007736983608241199,0.786610807071017,-0.31264310639407444,-0.059918795183715394,-0.021777290934043583,-1.837733194451206,0.1261690448874952,0.9460235176020143,-0.14591329902059286,1.4051017410508617,-2.5983456000379657,0.7132381747952432,-0.3871400682854443,0.5015427785842563,2.4178496846451294,-2.9325288914645657,-0.42375584385390014,-0.674284374534252,3.867711655931323,6.095449616972966,-0.7762485917288173,0.0553491545694655,-0.9546554006703338,8.438706642176449,10.703723942844967,52.5011580926379,-27.422693631619623,-53.58086583861456,97.22165071212824,-72.65862469851793,51.44376160976638,-118.17186459774646,15.047191356233531,18.210813440727307,125.93047722859555,-90.09053097898365,-45.070970007177316,-118.30375753657101,32.84034631402317,-3.830790933884794,0.0
-1.2175804770226981,-7.707018369935889,0.7616569050586107,0.8901670988435716,-0.01423907326902243,0.045106363250319546,0.45317237440425423,-0.3477427645148237,0.061552446392914836,0.1206250133864566,0.5409943251717718,-0.30620123046816017,0.03957789086907061,-0.6722060743362563,0.14796166845652198,0.06399005988890345,0.8881281526917476,-0.33483750908363585,-0.03901464815888386,0.020992757916908134,-1.815590143189207,0.19355293067215615,0.9880482969057914,-0.21987230080637507,0.8908826199384081,-1.767564984789253,1.259360237756359,0.9532459597652349,-0.6880431614110283,1.8413057405513518,-2.1532921098385343,0.9913030867564074,-1.474865489142217,2.0287558013559153,3.9366267316617334,-1.0053477824062473,1.0479610510577657,2.9815584222016493,0.10796795937770008,1.7402916998749527,-7.374584559109093,-2.699940740396045,-24.38292328759131,53.041253026664926,47.11341408477034,74.0525205342989,-80.05391936827473,-2.632185242776515,43.32328929936092,67.21434708591313,-21.133645160042352,-78.3438242254277,-135.1632789244117,20.791760514658556,-20.488905653781902,0.0
-1.2165084805215953,-7.743578214727769,0.765260716841015,0.886828431363703,-0.005398362572543214,0.04746585355312891,0.4596228712248806,-0.37354019872046473,0.09812100693240913,0.15545316329307973,0.5081482290753069,-0.250707652698156,0.008915150428762866,-0.6456609041228243,0.11576439627016927,0.09183672762594784,0.9509011354216155,-0.3667688791159152,-0.022871817652489287,0.08836181000438749,-1.8477122849703902,0.15291985409367428,0.6743122008376137,-0.1450426272874647,0.7239027130085021,-0.9930844900191407,2.544590775178445,2.614302951550743,-2.2179591961126013,3.721439341566161,-0.6889894284381322,1.569728659615643,-1.5727613249771417,0.9143994373252025,2.396411885236106,-1.5103411613257316,0.6490479117082119,3.7375346899114517,-2.807375104715848,-4.079821274958092,-23.605331130652722,6.6869147028622695,1.9841266862203644,11.2458587184349,62.971498520243536,56.14570108116851,-22.953381214521457,7.433147346098874,38.485258115534016,20.92295290735394,8.351225772806384,-50.43875580643399,-81.5408808344292,27.28143323646897,-14.626938523209493,0.0
-1.2146584876098678,-7.780512677274409,0.7676693585034171,0.8834870597833023,0.001790533133511111,0.04986419881456545,0.46579069426421127,-0.38668449570573565,0.13809943212579057,0.1961285286271727,0.45116857240959235,-0.2004350285863018,-0.027471847377786518,-0.6076868644819111,0.08013137652117677,0.11146281392280985,0.9716833706101042,-0.42297333804027215,-0.011013940612961206,0.09284911638645069,-1.8560768338927887,0.08183989582684485,0.7281493378648722,-0.032528721374082935,0.770571178953296,-0.5977525659096085,1.6000922090602818,1.5923295377492623,-3.0629036882561187,1.4840392829146694,-2.160623938476193,1.9598813661157926,-1.9023847191057002,0.9860474888358819,0.2596650909342655,-2.776823143649565,0.4930335438964823,-0.24572099642640632,-1.8531987860800756,-5.074641872051078,-0.06565407558271402,11.247337283558322,5.94281622528165,-13.56549612784942,-45.25406608538098,-54.600594750326124,-2.420825493906692,-96.9713948138325,23.386949097857233,-8.809972397891388,-9.57406658621581,-2.358727554694071,-58.91343199339558,42.08068935250492,-11.589324752198728,0.0
-1.2128719670396153,-7.817658740105503,0.7684363032905528,0.8795052551121966,0.00904062059952717,0.05290681363510411,0.47285266466436093,-0.40437912277334825,0.14899969472822072,0.19300369619955926,0.3997428465277826,-0.2192140027908139,-0.07428998179178062,-0.552740367877176,0.04262123556753137,0.1338882999991785,0.9101524113417324,-0.47477028843296065,-0.0018894479564790221,0.0832711902986014,-1.8658458175757433,-0.01831089489997641,0.7887916677327729,-0.03224943415804228,0.8252051100997555,-1.096692406515554,-0.056555076751676925,-1.0595363508846474,-2.3196480707756013,-1.8078980417363928,-1.7223188270298606,2.893717016125527,-1.7690826273012723,1.2150891621929993,-4.333079403304822,-2.3653771023012484,0.3753754183319644,-0.8341384594932465,-1.5599659484643644,-7.857791397042971,5.6168134120945075,3.7260572292119853,-9.127413144548953,-21.93833649902065,-45.05440719273249,-64.16203490426747,23.98472168595052,-47.14520902077433,82.93595309265922,-19.724055820786234,18.399347539311314,7.827326542666945,-33.76763931028764,30.313448433300845,-9.83378970449722,0.0
-1.2116039304928883,-7.8549497184744395,0.7663373378435915,0.8761784705027059,0.016694184501441528,0.055595177248084306,0.4784785975340232,-0.4537694757280634,0.12424035353440488,0.10339257459592988,0.46899844155692366,-0.27359180416897344,-0.09982646246961203,-0.47331175312146906,0.0019418056847559624,0.13915267200689715,0.7086370499678345,-0.4956819413487612,-0.02094506062295228,0.0440463498872465,-1.848333885456316,-0.19960801129698177,0.9145588285688364,-0.20753891111106362,0.2725839787052292,-2.333483372706619,-1.730782580677242,-4.6086858663790675,5.526835208324822,-2.234061638697835,-0.837974495879349,4.010036899160414,-2.0006171984792966,-0.06965366748825444,-11.572420167866277,-0.866908823939285,-1.0261117832205884,-2.571412013439341,2.0167794253837235,-11.702738802923372,25.186051670739015,-10.9810467618957,-63.62437411984527,79.36666561435085,-25.60924240924606,129.46246783118318,49.221031840917696,88.81791544677593,24.288806014746655,-62.907524974742316,17.85134715656878,-11.808974865372488,62.184802267681505,-9.326217318937662,19.127610648936905,0.0
-1.2111097008873408,-7.89361289614011,0.762975918932469,0.8787792541398379,0.02019169507740644,0.0582392125909423,0.473230928892141,-0.5009241854450868,0.09961341316554473,0.017484559900402305,0.5992142642565113,-0.3136229087815097,-0.09374098371192409,-0.4873637213457163,-0.0053529564602027326,0.11046280030342567,0.608650766393752,-0.34993422055978857,-0.048077254521826866,0.036119098713454034,-1.9527639483262698,-0.14469495088088088,0.18466779582496984,-0.006152334942845221,-1.0480314199975078,-1.5750574359020764,-0.8526047373229337,-3.4614859044646282,5.8660584236531825,-1.5331475039911755,0.47372225914321786,-2.4962629731787125,0.7085837082348859,-1.6603942757207062,-1.7401525967456266,7.962676777146179,-1.437650421180215,2.7944542892777435,0.7996132425056269,2.17461309293973,-23.146920210391745,-19.770227171086837,-38.16559743444119,127.37544908010747,35.211421741586875,109.14071177892015,-141.48593821807032,47.79816343525644,-2.919817006505208,-70.4923413457283,93.88918439022707,12.948721120554056,201.97085333975986,-154.99878395811135,-3.668196913666879,0.0
-1.2103926257698803,-7.932178228765424,0.7605558361079153,0.8829067413418905,0.02146202411538887,0.056988853300895474,0.4655827941551998,-0.5231891051233493,0.0815365607557995,-0.017647503059623232,0.7288604519030423,-0.35921859898814257,-0.07763702541523666,-0.5396396658171992,-0.0016478592137792122,0.051909149105195146,0.595297285637458,-0.2400628468503213,-0.06814162900687507,0.04474085635966441,-1.8984671241820132,-0.09619021409002466,0.04687483433006249,-0.430550580066873,-0.7393896193311861,-0.32274582139561453,-1.0686861596731765,-0.6726290912022903,5.796321408325648,-2.0100729941866655,0.7370272658137451,-2.2479131201249314,-0.08064854819069478,-3.4845884424855456,-0.5221020103912299,3.833851729992068,-0.6924089583826967,1.4121068408647803,3.6140162670509635,2.884439731912137,-2.7022830489994982,-26.356471469284003,9.570513548855,106.34921500809064,-28.519953804740712,90.22312293987754,-134.58668995581252,49.965552172108545,-16.354534140762212,64.19896706805883,-16.165316283143042,-30.25480458538191,-22.520741169667705,-158.49559272500767,22.03462764423423,0.0
-1.2095565433691213,-7.96950954872723,0.759130765400602,0.8867856479621311,0.023975376818134025,0.051605237436422695,0.4586646872650455,-0.5207941976908143,0.051757179943936846,-0.010629689825219628,0.8651571401755004,-0.41217455673087977,-0.06447455613628894,-0.570531503833311,-0.0022914278586486907,-0.017704712617502682,0.5737984592619318,-0.18993626083086282,-0.07326991599611307,0.04127372231586368,-1.8382703181329063,-0.045422139186085356,0.004684636226700414,-0.7926240464859358,-0.8500353419908986,0.8432986610124401,-1.9367257258549186,0.9886871494602064,6.346072912262465,-2.2737587775813948,0.5274577123834694,-0.9367688610346867,0.10540392313300159,-3.303328004495875,-1.566492550230709,1.4536258116111183,-0.2154550017106105,-0.03208095841674091,3.0480647610893743,2.897504232208248,2.2995792392845327,-16.865615136533258,-14.001534056472105,96.61540468524538,-56.6243659743694,55.069745872350396,-122.71469216739874,61.26331322627094,-15.032478884614173,65.56159128455909,23.639978164208856,31.764526726658527,-54.04701319282477,-112.98061477615545,-12.690923272559159,0.0
-1.2089757187555157,-8.005959702907774,0.758556369254279,0.8917883549236935,0.026835493751391944,0.044228509458865285,0.44948551172274553,-0.49488496733282233,0.0025362229143934137,0.022283092982150254,0.990930952555931,-0.4622674438649171,-0.04533658712097524,-0.5760578855977073,-0.000348652391059155,-0.08972462230850098,0.5210569520569919,-0.16384579785296727,-0.07589837319902583,0.017344833028411027,-1.8106004765098216,-0.019388715597943085,-0.06000789470372428,-0.8457302865205072,-1.2113047713515233,1.812273960870806,-2.958719871308886,2.057910701139931,5.457319711822012,-2.1291868365689828,0.8658468102849242,0.14233612190849976,0.1921347826259875,-3.735939839671253,-3.231292867085144,0.43870533597605227,-0.6070479277136828,-1.3803106679638866,0.9536440730857104,0.38593866370864605,0.07348648313644845,1.1931485102937331,-27.76115899124676,60.0718762400278,-57.36413781174392,37.058767843922176,-133.1684390206133,53.360043031459696,-20.984844945306588,33.00725232502547,27.547915429275896,12.497941680326338,-44.16971212010729,-104.38167941382687,-9.743241280877584,0.0
-1.208863964358384,-8.042121184885659,0.7578993485577528,0.8984173875674182,0.028836120584882545,0.03654391456118067,0.4366683159729978,-0.4516839611683818,-0.06673329355321175,0.06972220815202763,1.0869162474797711,-0.5102267423267737,-0.022894662276385584,-0.565613771924974,0.004284569608451816,-0.1715148349485525,0.44459343121563366,-0.15280507623967,-0.06077811313001069,-0.001980033486397775,-1.8122506965799687,-0.0541212195842272,-0.18269690497895943,-0.8052680617794781,-1.6251695435206355,2.42830312645122,-3.8414625858583498,2.5772026225167384,3.9136781405302736,-2.0996734782708764,0.9814506036664629,0.6594014243120089,0.5345227549632768,-4.012457040478772,-3.943183523755891,-0.1360615737189217,1.4419387970984179,-0.6598410303049176,-1.0080824597584679,-3.4120205243852784,-6.324515184141736,6.182570313907764,-26.53733457577203,24.014378900847873,-38.69035613447585,17.562435738460753,-113.65778921753915,46.278490445219134,-23.546906780778674,3.4510539911902667,53.53615555291232,36.921738036071595,5.802628186674674,-106.41983554947709,61.61728746589161,0.0
-1.2089458718074482,-8.078729928311295,0.7559291658757973,0.9060669161918393,0.02901974468135874,0.029000149832121607,0.4211408186235959,-0.4015447487322886,-0.14866516541745503,0.12122699073641698,1.1440337027380147,-0.5494901718507699,0.001060048935862846,-0.5502441340046956,0.018675611270769672,-0.2547435517477169,0.3654334503174877,-0.16124548645720385,0.009409596815472333,-0.00359741226493228,-1.8505523450171728,-0.15000661726071593,-0.3534550932740947,-0.7005310021775438,-1.7852345370401024,2.4743140453049137,-4.25126564397167,2.534114929513178,2.0566122446435,-1.681548484303428,1.047415701622857,0.7560484904272737,1.0943920402971026,-3.974183045438522,-3.790829829347065,-1.3626541653764677,4.195437840491957,0.20543470293015,-2.6243466526080454,-7.037293931537309,-7.792228822027025,8.087535155328256,-8.470278365323534,-12.470810203692174,-13.121391645553993,-7.751622465688101,-79.38637090885064,34.65454713753366,-23.958746584087084,-8.666005538364292,57.62134944140409,49.56038344067913,25.57860750709658,-126.1332674210952,39.714864628458955,0.0
-1.2089739595976514,-8.116354786662296,0.7511682733787399,0.912750064029604,0.027925276791551896,0.022473715746181414,0.4069427866796845,-0.35197445079245554,-0.23802292706227157,0.149839121567181,1.1249620437923904,-0.57325373279723,0.04367411966340543,-0.5479414528030272,0.044731969497702306,-0.3059455129805269,0.3198481049990269,-0.1973227673217916,0.13131781355079722,0.003863910148083067,-1.9167102894037338,-0.32287023132336273,-0.41240132987768363,-0.5070065968354562,-1.2840245030150523,2.1769303739006056,-4.366267052388485,0.6204619157726132,-2.2774364555249655,-1.0408551168785285,2.0229727507746076,-0.3077219610803636,1.474136244592205,-1.3920164985120311,-1.3572024449393771,-1.8650597962769828,5.7897952493918075,0.5207067455740801,-6.256229331566653,-9.013983443664396,-15.42607149477463,18.33430817594856,20.71943714921514,-60.111166479575225,52.647145812463435,-64.14896200540683,-66.44952794596433,9.714191292197187,-38.13974853782373,-42.49473320641249,-20.481038569442717,-217.35315010234382,7.665371938824267,76.3913759426446,49.97470183757245,0.0
-1.2081269622041206,-8.155957104306996,0.7439529809144624,0.9190224745490873,0.02234368865811346,0.01713855749239078,0.3931980680241193,-0.2767166270816933,-0.2958328766041405,0.12702623432530818,0.886629094088555,-0.642791835060143,0.16490899921983074,-0.6079364678918066,0.0867437442614035,-0.27492045339578514,0.46313870756632064,-0.2151715740457438,0.1936612732599924,0.10846618845420723,-2.064207476486434,-0.41852270428844746,-1.2726364294066637,-0.16675590551085906,-1.164419713149365,4.098518760373755,-1.2097003738329972,-2.866341704547635,-15.596026596655518,-3.8775761247851177,5.894958878075607,-3.4902258581314367,2.581864447439763,2.0593274951495144,9.748638764335038,0.2605676531010429,2.0791395777522297,8.859638162357289,-12.461357625289873,-8.139729156797092,-82.93750386834834,20.65292518275232,69.5631998852634,-43.89727240474656,226.95306041316832,-182.2733707220463,-88.12389366853594,21.2642933936868,-111.12871138137353,40.01020717632855,46.8643141957393,-103.80570054093866,-16.624245816836993,95.58530003352553,-57.611709811252794,0.0
-1.2041678162780511,-8.198885742722334,0.7349026106280735,0.9213680756812966,0.00636568772122167,0.00818918767524757,0.388552807659909,-0.20369730120097476,-0.2522583180342591,0.1063328164045055,0.5820809038849777,-0.6100882960393229,0.2719426876638431,-0.659380122470448,0.1498974534127604,-0.21992312342096498,0.6386522736870462,-0.2598407604168227,0.14043984861124456,0.1826283698169727,-2.1947430003688178,-0.3728622719581329,-1.794873309917422,-0.060228920261353326,0.4709297469390246,-0.6973922012240257,3.598027037936056,-0.5886378607542455,-5.934364844656473,8.35057915922983,3.0071512738029025,-1.524684082137423,2.010982778914698,1.866337761401368,6.8744800984974095,-2.3693366702662195,-3.058191039317965,-9.691215390277481,1.7748098367105096,24.476110171660824,70.68933523702826,18.488414277262574,119.46899120122987,-715.4967638394212,30.027814794156136,13.515831678626391,1567.6718805928242,895.4336393417876,-404.9924620781439,154.4421172410695,-264.4105535236654,-119.68092124099837,-260.1875088003256,36.26593263445808,50.53315917403551,0.0
-1.2023406519091462,-8.241174129333364,0.7309377493402908,0.9190192864517445,-0.001406544784540013,0.0048018338323174104,0.3941808153035135,-0.2859639483329955,-0.178062335562758,0.12356473289007897,0.6241144560726536,-0.4180749277050813,0.2760862166485378,-0.6810135673093073,0.15539481106372,-0.16904572722800493,0.7996105055264927,-0.31737404171347056,0.0580184132586596,0.041994782328597005,-2.0129142938982456,-0.04304439614212602,-0.12856454815898274,-0.15335138709100293,0.5133729055874388,-4.871167442625852,2.9776399523016233,0.8878404943880102,5.252624416066625,4.326371994898671,-1.1993608179328348,0.09300725191653902,-1.0420142147801306,2.8114901585721492,7.348597586617163,-2.404757271890575,-3.7526811354400347,-3.634431980286452,12.938715572879486,17.36012300517126,73.84927193843976,-27.072949380953226,-25.739261040047197,62.02244726747998,-112.10917454308672,-43.38945393067356,38.488085809423694,-516.0621139714085,-84.8698803374899,170.4565833314035,-132.13550117380348,20.229785301689535,-164.8263793180483,68.15038566624642,69.95052327214134,0.0
-1.2023323460047108,-8.280658282068417,0.7308051545313766,0.9179252856157096,0.0004485557708961169,0.006626260732952161,0.39669769534714694,-0.38481752856664875,-0.12878310916271166,0.1348107442662428,0.7275075304469811,-0.38471034929842945,0.2300163676363401,-0.677063430835805,0.11590633609667071,-0.12197349221877105,0.9676497484985762,-0.3763610371443252,0.0010806082437212691,-0.014933018151793738,-1.9447638219071612,0.03563200508312883,0.4428997974511302,0.24357300672435805,0.05844413394477571,-4.475415281603555,2.212783889653671,0.4141978622853308,3.9947357749102945,0.9569965075975125,-2.556706738030628,0.7505725893992066,-2.460170672802007,2.137816626024052,7.686872424595401,-2.484615946267924,-2.309270386386963,-0.6674097965302155,2.6674475325641422,5.353496532793403,15.451359177025713,15.081810214161445,-23.097946644578187,72.12973691236115,-12.230299729832893,-3.979279296902702,-173.76641217620207,-11.228249383255147,4.545123038947178,82.10464876003175,-37.21824499345954,-14.621701377274636,-163.8409916347137,68.366895041565,49.83109413637099,0.0
-1.202485312324735,-8.319967374389964,0.7312760604369766,0.9175362853313151,0.0017025602095080284,0.01246561685127487,0.39745298437131227,-0.47064444926603327,-0.08361453713042095,0.1350522598305252,0.7890110141532928,-0.3710815665173357,0.1804430869410371,-0.6612961118244263,0.0684104564859045,-0.07445489219330646,1.0990975351498335,-0.45450108163142555,-0.031076293746248165,0.005765049170071885,-1.9836163085807301,0.020357562119380692,0.23157961643321834,0.6578354239257825,0.11324968261554069,-4.053553815255883,2.327342104098582,-0.29232605414774365,2.0869613734614685,1.179283112773174,-2.397137909398018,0.9932474445896545,-2.321141103060002,2.1743483868636675,5.70505314437404,-3.239430847885018,-1.1294446547656334,2.0986322716463124,-2.3363205897366592,0.1583851841523534,-16.238406082660667,17.554099900944426,3.9979932241554015,26.199711907764794,14.314141439269523,-29.30188665709616,-105.7053456299709,60.276918494236234,13.243458415667046,36.86687559186793,11.394457369196411,-38.50505434244058,-113.673683310559,95.36142058821042,32.31157473276988,0.0
-1.201777027877414,-8.360135303595811,0.7313163502737643,0.9171157959345526,-0.0007681409882688342,0.01943124210456366,0.3981462716603401,-0.545942182546507,-0.03339883742892211,0.12353324331696956,0.8140290450562992,-0.33738732476292,0.13430433747830672,-0.6390469434091887,0.030461687675914003,-0.030788433189791124,1.204575677144047,-0.5330403380276011,-0.028999520104772147,0.06150092114848287,-2.032543780170482,-0.00567414067486761,-0.12330060007469948,0.8042513469893089,0.04846387287220975,-3.5722488072926555,2.7183761724041693,-0.7646445971398541,0.6794481610967605,1.888951059076841,-2.1566301485717054,1.3083161602410933,-1.5674164493356906,2.0083237372694733,4.430930516468948,-3.523127930543893,0.2796029668348295,2.915460954472454,-2.916267454960139,-0.44376683829764735,-20.04002080132627,7.502411073803081,-2.619474616663284,17.077996469948364,23.73639172683957,-20.62908541471654,-53.18235158134552,0.5182389442518165,16.817808923472395,25.336373598926553,34.37146057105247,-31.424665789645427,-117.62816651705762,71.78292234478471,-3.6640178398270384,0.0
-1.2004302098713686,-8.400717983484888,0.7310743374744982,0.9163745742686522,-0.00463101168669147,0.026530152390038732,0.3994150026962753,-0.6134739600568841,0.005158319373025487,0.08984253592089442,0.8194689062701349,-0.3270417607238792,0.07723172622208561,-0.601970995115768,0.002197491483771021,0.01986501820311575,1.253962131542968,-0.611460347432481,0.019642104587069567,0.0692112672220483,-2.0297680140451977,-0.021033790323524187,-0.024461785129559287,0.822850222683085,0.18390616922421485,-3.210005385793899,1.4129111437474995,-2.197732532055395,-0.17283995655434692,0.018550521458709786,-2.93551442053948,2.143716274568932,-1.402527746983545,2.6731389538741674,1.1471377966878809,-3.5375714046737246,2.423783167976489,0.03859639281692359,-0.4867002409199003,-1.3592974386734609,5.9755302654410904,3.2262925075254247,2.695225758733738,15.273282178684733,-42.862500351289796,-33.32006144817114,-46.599328198913504,-23.58406992616324,47.089115245817126,18.54438784160967,-5.677463648341614,-3.4828632732371485,-119.73776169085087,64.60187361276273,-47.544774449511536,0.0
-1.198928709102093,-8.44108865135893,0.7310121348435559,0.9147742228812494,-0.007673344906684215,0.03389028442795063,0.4024682466373491,-0.674063451457683,0.01612799459668892,0.027924715576467186,0.8125163053734602,-0.36409305786893087,0.01748696727993549,-0.5345231058037511,-0.025223197323421945,0.07920900178142047,1.1765997069251242,-0.6522274025138901,0.07470239432879588,0.07070281704421257,-2.0150834726274183,-0.01688236577814596,0.10350240157565677,0.8166800184939637,0.3926090471890063,-2.8943558128540046,0.03140092128856334,-3.4149540397946807,-0.6267396114587597,-2.358202222321807,-2.3490196238048524,3.795050879646094,-1.4780811483305818,3.035482958323131,-6.139599560820022,-1.569749103730846,2.385537239781358,-1.1274547089826559,-0.2321831584009395,-3.740973106726692,15.392766077483259,5.0551710480694165,-1.0580238788795246,13.367985416035005,-40.22452715814703,-7.427661737183053,-34.24651701352206,-16.684748515076176,84.39878436464811,1.5734968059216055,-19.262632976445577,-4.668888181050354,-113.1070909810411,26.66127254958042,-54.68159864937063,0.0
-1.1971639135338985,-8.479834297472054,0.7298008366620021,0.9107390421126067,-0.00738457426895146,0.03880472555059354,0.41108886935749245,-0.7389860828564989,-0.010363108114134961,-0.0368998144916212,0.8811066968280442,-0.4509961402978925,-0.005600390072699593,-0.3990102678512943,-0.07028401520984992,0.11331094578297427,0.857703610490206,-0.5905740285929191,0.10246272277545446,0.08060872838572918,-1.8813542723050816,-0.15553362132706683,0.4881108950469988,0.22258148315508833,1.2596681816032034,-3.1198222342243835,-2.296751175031579,-2.02726808726639,5.153490095346544,-4.068222883669532,-0.7442282479563453,7.910358139631957,-2.8498782594100605,0.9363133073469212,-19.38071700076972,3.597459787258217,0.9866525675783512,-2.8346055630221176,4.689242401090392,-14.626404002953972,47.34022261971881,-14.840163454790932,19.733023609461352,29.14874561346031,-103.28726227126822,167.32737301903734,76.45988297711642,95.72149471338847,20.541421819733355,11.096047024707392,-55.651712329469014,-59.082058779594874,-18.618356836952376,-63.532058933595906,-29.638587090662277,0.0
-1.1951899678036084,-8.518985381450017,0.7305579328052226,0.909837435167461,-0.011153995521949088,0.04007998945331752,0.41287410235714134,-0.7668624346978188,-0.014300165997170242,-0.04593576078089447,0.9335447700038776,-0.5025748349408534,0.013948275383359084,-0.38908400092869194,-0.06678848934009657,0.08502112961087395,0.7308125968316618,-0.46154283879877805,0.0851181712082618,0.15440394775881874,-1.9785524484490715,0.2058732174411072,-0.959070751065471,0.08511787596803243,-0.21001795044340005,0.18113566152586474,0.8736880116582934,-0.00322975542524331,1.0718389937710522,-1.9782810182953354,1.1233354605075976,-2.0018889094644496,2.619622744112509,-1.5130134888111266,-0.7044403285449744,3.4566808054106075,-1.6335283312828217,7.377431944000599,1.6069292521360858,16.69974315268572,-62.82102923168267,-36.471089507276176,-11.015064012697993,179.4447098805535,57.92525928473647,5.730110551537481,-123.58153521369148,42.64947076789174,-17.973782832494315,-53.45012833238943,173.14915581291564,-10.071547268322881,217.66446356917334,-129.10947456641924,-73.50363844804838,0.0
-1.1923006435159422,-8.557346366699736,0.7354856740827083,0.9110157263922971,-0.018353312563160012,0.03550306741335524,0.41043030393492874,-0.7503615025072803,0.0027194001768697314,-0.013961517813116699,0.9741030889566066,-0.5417415106632859,-0.005194097825832108,-0.43669078800861433,-0.008910215827790963,0.059748851441443214,0.7430453940036955,-0.41164075808170536,0.05058735183452805,0.1380119277395154,-1.8564764641970377,0.2746723205783698,-0.6719061766946167,-0.32760457620224426,-0.24665030734055954,1.5326566929053467,0.38651952134609135,2.3584597872550606,2.2866618210167013,-1.617022430077246,-1.2023127744784456,-2.056942108433957,2.747927517373179,-1.222888919558827,0.5143302562348759,2.340813359888449,-1.6999905952913954,-0.7992948058254331,7.310041927157539,2.587535894998163,21.280677117487002,-23.515520058052775,13.383500789891594,87.09122264538935,-78.68165264223087,46.91749406794838,-5.895398083102959,45.096539996262514,13.90016094182404,65.492834045852,-38.806411542366604,-6.222794607597036,-67.92353551678039,8.46123744655789,10.399682009315244,0.0
-1.1902521883030655,-8.593160143434508,0.7410702922107613,0.9118632875524839,-0.02101597633761886,0.0305770697738923,0.40881379178862914,-0.7165766159528265,-0.007184388540450883,0.031670262262569866,1.055630133375659,-0.5785691755402742,-0.02600262325944117,-0.47177423477135255,0.024595197508315396,0.019157681424462013,0.7426284682469696,-0.3799396233314437,0.01914562030763019,0.07427268431831102,-1.7414189830921236,0.2893349744270786,-0.23346998618005305,-0.32741729511544915,-0.18934111507184861,2.0508863287474006,-1.2094060190104448,2.188259216351988,4.4705044521113875,-1.5152355205477501,-0.88178989338079,-1.4795938613321895,0.9534501502805981,-2.427072313147169,-0.5584842082058668,1.1771028056116393,-1.3193151845319229,-3.03277900393192,4.91720217511011,1.3809560467901336,22.541652814585355,3.699123774334851,-2.1066061232468547,52.54603888823184,-75.39152463081939,-10.413677133336675,-24.87710235189101,47.28654173690725,16.896623391370017,27.94742587167869,-63.46693464352275,-22.137391569306548,-56.96626589338132,-47.5288390547729,32.807699299815795,0.0
-1.1894549295339776,-8.627608028838926,0.7472598220741907,0.9125626319656559,-0.021974543801971638,0.029448606098276837,0.40728287683559644,-0.6705851890418899,-0.04422772982369484,0.0658077344810433,1.127991029597406,-0.5961544055499232,-0.030788588602861863,-0.49821197887526936,0.031341459007601005,-0.039197290847674794,0.7111577179435477,-0.34714034422260115,-0.0019871512167032547,0.012770162082057196,-1.7144872949899568,0.3178531361460731,-0.0480941190692223,0.17636850296928108,-0.22635788121446399,2.4588987133541287,-2.2265354934659656,1.4316352326613724,2.822636519292247,-0.6046246420870931,-0.06514381223252982,-1.3050137695102597,0.06243039220468882,-3.0729555222711826,-2.129191696285635,1.4459655362935662,-0.8892669105762514,-2.8574063445180125,0.14561589999051516,0.24865531457180287,7.4930550244801895,28.550627766529217,-10.948463655033017,11.646446328372676,-28.15556960980608,-21.83406319094756,-90.0937277500728,19.05899775244325,7.846398370691725,-6.8612333895994,-8.36096184877487,4.642057640837918,-41.60846224758539,-65.00526283664702,10.727379816303916,0.0
-1.189588258768267,-8.661844080862267,0.7533623714029143,0.9134014030211495,-0.023545258198447664,0.032780241113747666,0.4050542600293073,-0.6149388735230482,-0.092154669265839,0.08575097321535076,1.1545012941255972,-0.6016618947768686,-0.018287908103277958,-0.5228645504786313,0.01920743024220012,-0.11752861396963629,0.6589204086736178,-0.31962481501706314,-0.012831039401296478,-0.02178909792650313,-1.7169122576033247,0.2805358922637942,0.0304320642415141,0.5512693744698515,-0.32013096859740775,2.885589703761146,-2.361266855724282,0.7546398712155565,0.4886048013495067,-0.19322834624741556,0.6523607519037918,-1.2339032082332684,-0.8729361560609628,-4.378077286253953,-2.8544780563706524,0.6477858646881288,-1.110016358496266,-1.7042523267167085,-1.1808068878193256,-3.8718129780950665,2.860874052611473,22.14731797593689,-16.01614464920872,-1.6910042652575847,16.971442993716707,-17.26926910527644,-63.178938725541265,2.633971307743068,-11.606015780950997,-7.338785422923978,-3.652164709214117,-21.196996296839654,-17.538804169166543,-86.63841425365817,-58.16606038917531,0.0
-1.1899789348954946,-8.696426871854996,0.7577438762661021,0.9146755008552256,-0.025409236703771383,0.038420556005984624,0.4015556744731244,-0.5472084842896877,-0.13768083666906447,0.08672838576413996,1.1010368863515476,-0.5888132215270425,0.0348256214785395,-0.5516804078545338,0.005650961603679589,-0.1963875688599239,0.6137191595447581,-0.31346176432069384,9.457816472313411e-06,-0.013923835734272793,-1.7537657363780852,0.14964378178369414,0.03731591164036377,0.6596663146532228,-0.41237026090384354,3.3886503902866787,-1.9517054954542523,-0.42130835945926,-3.9137732121987483,0.6395139673265922,2.6282619892889447,-1.7176727309605948,-0.22628830266503192,-3.2931670879392554,-1.7383057913248394,0.09003374742494544,1.0222777723718421,0.7613200617707097,-3.8055107464427,-8.900716110735862,-8.51473493170756,9.569714059195407,-4.164055288825256,-29.50578276339629,53.16377516476185,-40.394791652875796,-41.870215159015096,-21.100622685635056,-47.43709429021712,-40.13692893582507,68.07290343590911,99.86884386077041,61.24987956314649,-11.803911796873331,-2.6257177766649016,0.0
-1.1889532991782268,-8.732466034694205,0.7589062437946388,0.9168130105398065,-0.02991649106946966,0.04193569383953115,0.3959801823945554,-0.45369132328962886,-0.1357838511621589,0.08036712462784941,0.9069780214618514,-0.5501995400764603,0.14186815597995708,-0.6159833080279953,0.025738741674797908,-0.19895876160673254,0.71843046727064,-0.3191584419881236,-0.009142718182337705,0.12681378796566622,-1.8562483460962484,-0.027920832327264392,-0.7096659659999883,0.3698585792979555,-0.40051749271117215,4.952713368950779,1.7205877788745296,-0.7102796601808621,-11.52772203012501,1.7849180781816658,5.021231175675015,-3.2203524635885614,1.8069215456623087,1.1310359434419692,7.549127574761567,0.011905253378116085,-0.6935165258501932,9.210061987760929,-7.366800026304429,-10.253325102999899,-66.28358672369563,-13.186153413746892,47.913753102406204,-34.56716833639429,172.7642324842934,-74.3019444351866,11.461622286396551,-53.404225056931736,-102.1771471270225,70.76883559930957,61.51341961094583,9.95972451641395,41.42403304971964,44.927664027340704,5.993871649014372,0.0
-1.183885000142283,-8.770484174696682,0.7571594388779396,0.9167315190932299,-0.04262032200616442,0.0366171237761808,0.39553257299427386,-0.3424288963044756,-0.05259948639062472,0.0865438645095797,0.6421030157213591,-0.4742137693990929,0.19593152148017023,-0.6434759483621921,0.09305132431433154,-0.14470363719607637,0.8134633262259723,-0.3462543529341032,-0.0506546680360453,0.3103732459381504,-1.9559412388168989,-0.1360129904282113,-1.8179338392922277,-0.0738958838115986,0.5660803754965599,3.8881138176519,5.35118544774334,0.11764782006550092,-10.501001617885368,5.722107180544357,-0.6791732536248198,-0.17191302995073138,3.5463540614828912,2.6462280424442843,2.869269280182854,-1.537552077649422,-2.041958004895402,-5.866482535059005,-8.441356482208878,9.008530318255131,10.362887748431543,36.74035016267915,162.70519428334595,-776.4687893664777,34.985314818743326,-95.91386415143704,1162.16731267313,1117.4471151707373,-1474.719222640459,86.42457273377433,-177.2605937811389,-110.4717038619322,-208.19608146950912,28.776813019496252,39.552753444750195,0.0
-1.1804751021777464,-8.80889085606577,0.756766359113218,0.9118028784874385,-0.04963633942438036,0.036234124985412945,0.40600348862677454,-0.36473427738300335,0.016970736677898196,0.07980853908426641,0.5883948941482183,-0.34065462996805784,0.15459596538968254,-0.6535014194105228,0.12386183773582884,-0.07161521236452426,0.9036366838924528,-0.3854630941899212,-0.07981640342975763,0.08712693972104973,-1.8548264049238017,0.08774991813477775,0.1276354993335396,0.2371564127405419,1.306223293327037,-2.9287171525913243,1.71892694546798,-1.0288423080409064,0.7330366467694762,3.1249049144758434,-2.710178555450915,-0.04373569604169547,-0.05305489014229908,4.0049216329912785,4.5906443919474915,-1.6613970607877,-1.2072543051297702,-5.778451558924916,8.59291312361596,10.612466071571832,79.78466528749561,-12.450726519078394,-1.9468175142177313,-30.17612110719535,-144.90406613252534,-17.912338695894118,82.49223731224453,-180.17152336514414,-15.50497087449044,93.67535062123402,-153.84096315008557,12.19912043958427,-63.78258183849121,46.98647140303702,19.828278646471517,0.0
